17086
8368
16583
25650
38365
38776
5089
8475
37281
17367
5175
38482
34977
36580
35777
8151
27084
27468
8083
4956
16988
37953
25456
14877
18855
8252
16656
39082
14878
35557
8848
7477
27952
15078
8469
35786
38575
15653
7049
15170
37478
15573
28553
8274
37871
37189
15287
7784
37356
5381
25555
34981
17084
8367
15652
6886
27878
16980
37681
37989
27289
15590
27056
25689
27352
7868
38972
5372
38586
18186
37257
9080
37381
18776
37249
25066
6849
18776
36790
17483
5456
7167
39088
5153
34890
14977
25270
35573
37949
29071
28187
27080
29086
15275
25055
8450
36648
35468
37565
15168
