987
461
3189
294
650
2912
533
752
900
1443
1982
1692
430
2584
3400
3063
1103
3776
1736
1500
1421
2538
3339
2661
960
3328
1145
3415
2117
808
2975
2591
2110
1671
3831
806
2827
897
499
2327
3165
2428
2273
206
2725
221
3892
1727
3870
2018
1420
782
713
2738
3684
781
3633
1350
173
1530
3209
3134
1996
1004
923
2806
118
3642
1921
1777
3733
2579
1122
1196
548
1613
1403
1054
2272
770
1396
324
3998
1263
851
3119
239
1544
959
3580
2817
2350
1173
2901
318
1187
873
2119
3356
1906
3586
3652
1857
1545
1265
2207
1091
2604
2821
1514
2834
1240
318
394
247
3007
3966
3894
1518
381
3877
77
2010
1226
561
1237
785
2899
519
3763
3289
2604
1674
3543
2445
1011
2594
3405
207
268
2864
2531
1020
1175
776
701
260
1321
413
2915
1957
190
1896
907
2368
1444
2664
702
3963
2948
2253
3072
713
3464
591
3022
1602
1633
576
1919
3781
3010
1587
2660
903
196
3865
1128
1291
3810
298
1758
397
924
92
895
820
3621
470
1765
1842
2041
1547
896
29
2770
1639
146
1990
574
2100
957
182
2604
133
2482
3197
1104
386
1425
446
936
3321
3307
1840
2105
712
1127
3267
2366
326
1790
758
1964
1245
2092
2531
1580
1344
3382
597
3698
2702
207
298
1152
1704
3302
104
1137
1787
963
3773
2242
3725
88
3317
1091
980
601
1869
1825
2153
31
2409
3779
317
68
915
1805
3196
3495
3005
437
2869
3634
1859
747
104
522
615
424
114
721
3544
1741
3794
1934
751
834
2446
2380
2931
3450
1456
3363
416
3049
3537
712
869
3906
2759
2259
1050
261
3532
593
11
3764
2589
3631
1589
2249
812
1173
3934
2837
3815
2355
568
1829
1453
1460
2243
1998
594
228
36
1631
2008
531
3746
3203
3885
3007
2517
63
315
884
2604
1269
3984
2383
390
169
1007
3876
501
1115
2145
1926
3058
2614
2386
691
1011
148
1673
1119
1921
0
1778
340
723
3558
1909
2216
3587
778
3469
1650
3670
1049
2830
3006
1847
2186
93
3486
1899
1757
3106
2364
2120
260
2617
1382
778
3605
3985
1926
2989
1266
1089
1990
567
3475
1135
3092
3265
2842
2808
552
795
659
3062
3817
468
1985
1861
690
2542
2371
1001
2672
1450
1540
133
1984
1953
3000
108
1782
2606
1845
3139
937
3950
2335
425
831
1887
3840
1281
784
512
1191
236
3100
273
3416
80
2683
2339
1716
551
626
886
2070
2678
1534
2228
1042
98
1938
3180
2947
642
3846
3591
2320
3148
1668
2454
1990
2334
3047
1865
1075
1522
3822
1399
2995
1712
3358
2978
3923
2063
2083
3089
629
900
730
826
2808
2260
2326
1804
578
53
1815
1828
2687
2295
2274
2798
3102
814
129
1087
1736
907
3397
1619
3178
79
54
3918
3004
3394
1933
2807
744
1457
803
1914
2553
143
2276
3133
3091
332
922
3775
613
522
666
1645
2830
2708
695
23
109
941
1337
2814
1061
3690
3938
72
906
1914
3158
547
3731
1044
333
618
3096
1699
559
435
2129
2280
1335
3146
1252
3934
1428
2402
1549
1235
2159
220
980
3995
1864
939
3225
978
3967
2530
1526
637
1557
1482
2834
1632
257
3158
869
3020
1854
1454
600
3776
329
3
32
364
3020
1064
3735
2979
765
1782
3350
1557
2704
2363
517
1334
1260
1880
472
1437
116
1211
892
1457
2563
1923
1189
982
1223
3315
3272
1962
3075
1500
881
3834
1281
3294
1416
3404
3201
3590
1670
1325
264
2805
1867
1849
1835
200
1116
1378
3636
3122
1866
1439
3185
398
939
2507
2467
1175
610
2055
694
2050
1854
2898
3702
595
2136
3169
3506
1573
3048
3254
1837
2501
2469
509
582
2770
1575
267
731
3717
3669
1225
30
3822
3163
3939
1638
587
859
682
3798
3280
3857
2823
160
2234
1315
748
3522
1661
627
2674
2025
244
2320
3501
2806
1029
1898
3782
2297
1641
1524
1114
729
834
1694
2354
1007
2803
1872
2898
623
985
1956
1120
2393
2946
1073
685
658
2200
2538
882
3812
1406
349
3582
963
986
3265
13
996
3210
3682
504
2219
3831
2823
1393
1879
1701
618
1473
3662
1861
277
1471
513
3924
74
721
689
3332
3316
1368
309
3125
2879
717
1859
2
1804
1935
3308
3411
3797
332
1013
2844
1098
1730
1187
1009
2462
3834
1645
2327
1749
1618
3200
514
1883
2926
949
1271
91
542
690
481
2635
2738
1757
1173
1901
926
1966
2607
1624
1576
3405
194
868
3381
1707
1018
2002
206
2468
3597
241
334
845
3905
544
361
1449
1620
2588
495
689
3233
796
938
3422
2777
2483
166
574
1742
1192
2498
2209
2975
520
997
431
764
3645
3454
3338
460
2024
1671
6
945
1882
2444
1704
2019
3216
2294
3805
3246
2480
1574
3526
2651
3485
1395
2575
1754
3395
2139
88
1799
1780
2795
491
2089
1298
697
985
2036
1425
2369
2548
422
1980
1953
911
3956
3848
1356
642
1973
2210
3255
2394
2259
3815
196
359
716
3270
3870
3479
747
3496
1022
631
3128
2935
2741
523
2271
3443
2592
2138
354
1937
1201
1368
776
1594
186
3085
155
251
797
220
1274
362
399
2013
858
1659
3941
2698
580
438
1424
1889
264
2348
881
3648
176
2543
3403
1084
1579
1766
3958
2411
1673
3349
504
1648
1878
798
1490
1932
1826
3512
1162
1867
1981
2874
3072
123
3212
169
2052
281
456
2431
2628
3214
1724
3644
2058
8
2358
1584
1078
3745
3056
1145
168
826
2695
3043
268
890
2698
3684
957
2983
3667
1728
2134
2576
1792
1509
5
817
2631
3306
620
2240
2024
2096
3977
1090
2760
68
2293
486
848
1597
3758
3617
1586
3722
938
542
385
1795
3705
1563
3825
694
1006
650
1064
3965
1375
3321
1795
2828
351
1559
696
489
1103
1375
961
3781
1252
1724
2519
3661
1354
309
1096
1546
335
3302
3409
2476
287
1003
1299
700
3269
2549
2046
2042
3863
374
3511
2264
621
1768
1467
1188
1190
3509
1217
1874
1420
3217
603
1232
736
1292
1822
32
1492
3653
3283
1270
3813
1981
862
656
2019
2518
3864
679
1744
121
1530
669
1845
1041
3404
1085
3080
328
2766
1816
1880
1173
337
655
2160
1279
752
1361
1614
3354
1120
2022
2067
570
2076
3681
339
3594
212
2817
3710
701
373
922
3084
1805
1102
3094
105
3884
1424
1686
1127
2570
531
704
3097
1449
995
1948
760
1795
264
45
3940
831
3928
1254
968
1149
1093
295
1277
1157
359
73
1665
1356
2147
3921
3505
792
1031
457
3228
2677
2809
3895
839
1073
3273
2780
1641
3333
2152
952
3299
390
2478
2929
276
2749
3554
3966
0
251
1059
3333
2378
709
3790
3672
1606
1999
2194
741
288
49
3528
535
553
3531
3165
1908
972
492
3166
3158
1473
1087
247
1451
1491
1818
3734
1716
1725
3540
3880
3960
1684
2214
926
1783
3802
1868
1533
1699
1815
1251
859
2925
2187
2675
2847
24
583
3968
2757
3768
545
383
664
1704
1290
1050
1227
666
2213
1601
1695
1724
3434
1946
589
2426
1581
1075
1765
3880
964
2747
378
2468
1204
2250
870
2964
3805
2262
3736
2672
429
1011
3161
1410
2100
839
2367
2176
3734
3668
1811
3523
2399
2263
2952
429
2150
2891
2769
77
1699
1454
1510
716
2272
1629
1527
1134
3104
2765
584
3961
3136
557
2703
1473
3840
223
1094
1877
267
1183
975
1358
2944
441
3718
1319
3418
3722
460
2645
1116
1746
1514
108
1925
27
3248
1105
557
2797
1901
1661
2283
574
1259
1570
1427
2337
789
3998
1322
814
3981
3011
369
788
3705
1453
36
2870
495
3356
1633
3277
1038
1031
1069
648
3886
2969
3647
2180
1168
3018
1818
1123
3819
443
1690
1901
1872
669
2603
405
3010
566
3605
848
1718
94
1359
1243
2136
3768
1653
477
2842
47
738
3049
2650
3515
207
1890
361
3449
3443
510
1653
3489
221
407
1139
2547
2790
1363
1056
172
875
3984
163
3983
1251
471
1831
1749
156
1064
247
1469
2096
968
3345
1548
3970
1807
1081
3845
1869
3455
1163
3267
3370
2586
1348
1880
1693
3917
501
2275
3000
2333
287
608
1912
1505
2860
3027
1280
984
3528
3432
2464
2807
1541
2893
2881
3627
997
228
3272
342
444
596
1188
3768
162
2683
1882
19
1250
3200
155
1640
148
818
1695
1114
232
644
3877
3856
401
2341
229
262
2708
1123
1086
1006
3890
2689
569
1720
115
1762
2495
3688
1710
971
249
941
2196
195
3156
2943
351
2360
1931
3476
1039
352
2398
1427
3663
344
1020
2419
1460
2177
615
1398
3976
2791
2963
1472
137
191
1666
2763
121
757
2614
3676
1542
513
1844
3115
3344
709
2379
2572
1300
1249
2440
1830
1435
1217
1032
130
1302
236
2377
1298
1364
81
3017
4
577
2762
3410
704
2718
1539
3521
1116
2938
1654
923
2345
293
986
832
850
3139
1797
889
3116
3540
3145
1462
1481
892
3178
613
2949
3095
165
266
437
2272
78
2846
1858
1119
381
545
410
3572
988
722
541
2445
2520
1093
2922
2732
3891
631
3317
986
3232
2103
3404
2410
3462
1697
88
782
390
589
2858
3374
715
2597
859
1123
1861
2220
2325
279
1950
1359
3207
3195
3292
596
2740
1359
2800
3551
1416
1487
2332
1673
478
787
1725
3607
862
1826
679
1643
2085
3476
383
1546
1263
2973
2531
3122
2456
24
842
771
2923
3659
982
3510
3148
1672
2796
103
1487
1999
1931
1413
2573
1569
3231
356
2670
187
2131
822
522
3611
1430
2445
1945
3644
401
1458
3900
3599
1802
3474
495
1378
500
3286
3773
922
514
2746
3006
1330
3372
3817
2687
896
2949
3380
2221
1681
3300
3178
3542
1724
3293
1813
1112
3973
1629
1933
605
2859
1723
3087
668
1957
3312
667
1975
1554
3852
2558
1412
618
304
3997
3468
2669
2148
443
3488
2357
361
2003
1685
1396
2859
3852
981
1068
707
2707
288
324
2066
3056
2380
543
3191
1648
2646
90
1472
1097
2954
1434
443
806
370
1749
3290
2013
307
1012
2037
605
1053
1654
1024
1695
1119
2216
1669
945
1839
1278
2047
766
2345
127
976
53
1228
214
1970
123
1573
201
3736
1461
481
281
2905
564
3362
14
186
2206
1119
1112
84
959
615
1841
3512
3145
860
1176
3486
2521
3011
2474
2797
463
592
1590
3140
567
115
729
3797
529
922
142
1195
82
2968
1847
1714
1350
2661
1209
819
1940
2212
3594
1309
2890
1970
1917
1380
1036
2576
733
3519
583
3176
3160
3575
1855
2646
384
174
2657
790
1307
3879
1388
151
1938
3979
2164
3942
2725
3993
3261
380
3213
2232
67
1421
3118
2256
174
3050
147
1225
3245
501
1562
1748
3978
3553
351
2972
858
1304
3637
1084
2825
3117
3197
3969
3940
1718
2845
2531
2887
2349
1592
1274
1884
1344
1725
2558
2229
3964
1879
283
3540
2143
3766
2595
2225
51
3965
630
3834
1854
2711
3811
325
3566
3436
2406
3635
1619
3209
3610
3550
2450
618
1994
2108
901
3900
2984
1524
3179
1630
3399
3377
3666
411
3678
1708
992
3852
3125
2858
171
3890
1610
2054
3766
1441
2749
3346
1498
548
2843
3393
1107
17
2833
1369
1705
1269
1227
1325
524
1421
295
1387
278
1797
2170
465
3980
678
1870
2533
677
352
4
1129
2330
939
35
2080
987
781
2254
3660
1052
1397
3237
3576
2694
1945
3382
3287
2628
3508
2207
1708
1427
2571
2583
1958
645
346
2089
2765
324
290
1536
436
1945
1502
641
1817
1754
504
2141
1181
1093
1891
2214
897
762
801
1036
1564
3141
1730
2949
1570
899
2758
3804
1559
3057
1957
3317
356
2209
2763
513
53
1324
402
1403
1283
3863
2291
1954
450
1120
1134
3884
2919
1472
1308
2610
2205
3482
2060
1370
3522
1986
2434
678
3556
1035
1722
92
454
3192
1762
1952
176
1637
2143
2272
1585
2203
3017
2483
484
960
701
3463
1277
989
2052
734
1827
3073
3343
1502
3827
533
2936
810
3770
3798
2159
1688
1990
1355
2561
2524
3975
1414
1427
2859
577
3131
751
3116
2583
1936
423
1863
26
2351
618
1832
2338
1301
2540
1882
3569
1012
2012
2132
3550
3846
3614
148
3236
2755
258
2995
856
554
2827
2566
1142
3690
997
3510
1853
2558
3528
3931
2511
656
1334
3537
3078
3234
1415
1511
3247
3963
52
1676
2725
1356
1682
2387
1463
61
140
3222
955
3617
2889
534
1922
2653
1238
613
988
3464
1809
2078
526
2565
711
2300
734
621
3644
759
1261
1098
2440
3968
552
1354
2785
2483
41
1202
3997
1420
1725
908
3102
3005
3209
665
2426
2454
3534
547
2267
727
2846
1218
314
1392
3622
813
2744
451
277
3576
381
1540
1228
3766
2170
2219
2359
958
679
306
315
203
19
2029
2673
3068
3482
2348
2552
2062
498
1295
3370
438
1223
1318
2540
441
438
372
2355
2833
8
948
1846
3355
831
2695
191
2773
358
2448
2682
3165
3173
3221
1104
1176
3125
520
1690
1733
745
3725
1906
280
1950
3818
1806
3928
1868
3370
1995
3390
3806
1354
1838
1573
1543
2089
847
46
2448
1378
3277
604
3191
1960
2841
1840
3581
2728
1400
1047
1701
1470
3974
467
1183
3592
713
3420
3946
2057
3470
2413
914
1325
2399
1838
1781
3493
3792
1385
1608
280
2214
3279
2428
1499
2899
3586
1577
2176
1670
192
2824
2828
1244
3636
786
466
3664
874
2059
72
1520
1418
682
2236
2609
2977
2625
1754
71
1778
2867
161
365
3760
511
2192
309
2858
476
327
8
126
425
3683
701
2657
196
946
3598
2386
1147
2483
2070
1940
1134
1644
2036
3752
652
1304
147
772
298
193
1615
2505
3697
2197
3613
1634
1993
2111
335
3615
1228
226
1050
1292
1830
1175
3470
651
1847
3644
1464
3567
2462
1063
2076
3054
2652
203
1786
1153
1021
1665
34
733
52
858
943
948
2361
1002
3460
3784
1761
2851
585
2224
2062
553
3367
1169
1721
620
2389
3089
1999
425
1956
3867
3042
1059
3193
1608
1377
2735
1914
1640
1669
3194
3496
280
132
2534
756
714
2892
187
3879
603
662
1282
2104
2290
507
958
382
3411
154
924
2559
3110
1128
1239
1947
3795
3168
619
919
3585
1412
1645
575
1512
2671
862
1074
1719
1064
1732
1646
1252
2328
810
2017
1042
3171
1307
2812
2791
1230
1075
2318
284
142
976
2700
991
1334
3145
1362
440
1830
2010
3022
2333
2578
3655
257
3801
1298
3987
688
1649
3813
3977
551
2547
960
3940
566
1322
101
405
1294
1341
905
3463
211
3344
2226
518
2459
1328
1469
3277
214
893
2762
3410
3
623
2299
3992
1942
2313
614
1783
830
447
538
3556
1018
2121
1354
1796
2960
2029
3906
1057
3477
2117
909
423
3947
3017
233
1956
26
2231
2201
3495
2910
1899
798
1187
2316
803
1333
244
1166
3480
1544
9
2413
2041
2251
682
1453
2100
2891
3390
3107
1999
2853
62
2525
2381
558
325
327
2800
2436
2729
1532
629
1986
2998
1383
1640
1482
2292
3737
271
1072
1012
1305
372
579
3040
3791
2282
382
3264
2963
435
1070
2895
2924
3995
3568
1337
1750
220
1976
2260
2699
1823
1619
1945
594
3934
1294
1270
1097
182
3728
1811
3178
1288
2882
3826
3164
791
2724
2285
65
1123
2595
2737
1379
466
2345
1864
905
3218
1452
1922
1422
3925
2193
1635
1904
1307
24
2923
396
1799
3553
1114
869
2931
2263
2321
943
2427
2148
564
2810
42
55
932
2066
635
1306
1874
3770
2563
400
612
690
3672
1137
1501
1788
1230
359
2976
1923
3505
389
1030
637
2309
2696
3630
2983
494
2595
3061
3921
631
3687
3753
2428
2299
43
2052
1626
1344
3711
513
3855
2471
1051
858
660
3604
1635
2011
3998
2018
2441
1423
1414
2228
699
1569
2662
3564
2704
463
3909
2725
1813
3867
2559
1840
2265
2980
3971
205
2724
1344
3601
1729
2564
108
1180
3408
1983
1913
55
3352
1996
1831
3232
3134
2350
2827
811
467
885
233
2263
1237
1391
3231
1234
748
3839
1834
1473
1387
1981
1805
1891
1756
527
1981
2256
44
2701
3305
1197
1288
66
2890
2475
3393
2495
526
3046
3220
2846
3284
3412
1567
3133
2516
934
14
25
627
3451
307
2906
1217
2373
1996
2504
3808
5
3244
352
1654
670
2858
3386
1616
746
1022
37
2010
1552
3821
2040
3428
3559
3155
957
1056
1354
647
1680
1968
3691
73
1375
1027
254
374
776
1782
867
3227
1414
3923
3606
2751
2612
2706
1675
359
1872
3162
3328
1659
3011
646
1710
3537
2950
1100
2013
39
3019
677
2939
144
3665
340
3826
3214
1483
751
3682
2634
679
1283
999
1694
3009
1898
1929
563
697
3099
328
841
2912
1154
2071
147
2291
1980
190
1502
976
2086
1778
360
265
763
108
641
60
1737
2297
1236
3867
3573
1940
588
393
297
274
403
3849
805
414
3978
218
8
1747
499
1986
1972
1791
2049
1640
1237
168
3081
3221
1657
825
601
413
1915
1305
3915
3156
2980
1093
1693
967
1837
1110
2627
967
766
168
931
1260
3516
1667
2704
1419
1330
2792
489
1181
2348
3598
2835
2919
2219
1904
2137
1804
722
2668
1938
3991
1050
1026
367
2670
1333
211
2278
1991
1542
1486
3071
1221
1431
2111
355
1807
1279
2506
913
584
3247
3308
1974
2422
3330
1458
365
2467
1575
110
1641
1890
1860
1076
1352
2571
254
1781
1988
660
478
3634
2086
1569
3561
2648
1931
1905
3005
30
596
2222
684
3028
1496
670
3736
851
208
1907
717
1622
956
3818
584
1175
1032
3875
2652
761
435
963
1354
633
3391
548
2136
2436
581
2778
469
149
470
2065
102
1749
1577
611
3141
2165
754
2576
312
3406
358
2854
1831
917
1459
3557
1086
1620
2459
2458
1122
3597
3449
3456
906
2204
2326
3378
1759
1016
612
741
818
757
1605
3531
52
1770
1460
1269
1393
670
3777
569
1279
15
589
1805
3397
1468
3976
3437
723
1133
2837
1715
3360
1543
1598
1915
93
2407
657
2656
3259
431
3810
388
1395
3146
972
2841
73
3766
2809
55
993
730
3550
3821
3677
7
1311
2117
672
835
3752
199
1151
1169
2149
3840
1651
516
1689
2757
851
2462
1267
662
3603
2779
1544
1373
836
1352
2830
111
1026
2406
1347
2013
2646
3763
939
1572
338
752
1801
781
1731
1872
3818
1994
2981
3684
3444
489
104
1964
1805
1251
3515
1855
3448
3326
1146
730
3572
1987
1108
491
2753
3315
1183
2632
3874
2409
1632
2198
1758
1690
3188
2806
2189
1099
1543
1205
615
1630
2314
154
2233
1308
60
1345
1244
669
553
1717
728
3363
3566
3332
51
520
2992
3827
131
1702
3245
1128
2711
358
405
960
1464
649
819
869
227
1656
2480
1009
1340
1209
3849
2368
1190
2457
103
1720
358
3093
631
2878
1528
1149
1248
2366
1490
178
193
1487
3558
1656
3514
3055
3711
435
411
89
3657
2203
1317
2114
627
973
2774
148
115
1651
3516
1448
1319
987
60
1948
1934
2725
3370
1408
2102
3928
1976
616
2166
1640
1211
130
1458
1436
1419
1304
1886
3487
3692
1845
2505
2134
1534
3926
1230
15
1562
3369
2570
81
523
2111
1965
2381
1159
2300
963
1857
1633
1422
1030
1257
3674
1502
166
756
1559
3529
1393
3676
3614
1521
1159
193
2709
1629
513
2859
3284
1573
1055
2262
402
1944
3197
1821
2736
3730
1372
1231
2193
3219
1977
244
1392
66
826
1773
226
2869
2373
2770
2185
2505
1001
2671
3828
1653
66
1636
3482
3044
3721
586
2695
954
902
3908
2772
1136
1023
1303
3981
760
1072
1913
2415
3227
398
860
983
1917
1021
2835
1814
3692
1059
614
374
3537
278
802
2074
2450
1200
1346
112
1467
3356
2151
612
1616
486
3368
350
3232
773
1946
646
1766
823
1296
1285
3848
705
1882
3640
2025
1780
1984
599
1181
257
2939
3114
580
1046
3972
800
1271
3753
3409
3314
1392
1572
1454
140
127
1243
2456
2402
3664
556
3946
1287
1982
521
2315
165
107
1467
725
1495
3223
3756
352
893
2640
1009
940
326
2
2958
509
933
2008
1837
1597
233
848
225
2300
1854
2279
782
1188
3773
17
3050
210
747
532
1730
1333
1085
922
32
396
1035
2525
439
1656
38
963
3281
934
3825
648
1593
326
555
300
2386
318
1696
3117
171
406
91
1692
928
390
2300
409
1177
2083
3990
2906
1138
1406
2727
2245
152
692
3342
1170
3379
2744
210
1023
1130
3024
3264
2206
1468
1442
2555
2838
23
1986
966
808
31
3472
1322
498
2679
2310
999
2016
47
1347
3959
915
2688
1454
2727
2659
1378
2862
1602
1850
710
3737
2868
920
2653
1668
2543
1664
1162
3634
1064
2175
616
478
2455
3271
1297
1382
1206
2350
1102
792
1981
3790
3882
3401
806
1344
2798
1544
3159
1990
2779
179
3348
41
1849
1529
1829
2542
3086
3353
492
3258
3743
3473
2145
2988
1591
849
172
233
1220
179
781
1492
936
1584
1586
2511
94
2880
243
1963
2413
1902
3390
3160
500
1334
572
3621
2887
3257
2436
122
2517
1587
2293
2521
3429
2286
3001
2495
3745
1001
130
1437
3104
3087
394
2544
107
3483
941
2538
1233
638
1810
130
1654
1793
842
1799
3442
2651
506
818
1397
1801
3934
1900
3433
755
978
377
1177
1296
1730
814
881
1531
2294
2028
348
18
1197
1994
549
614
623
337
3102
2000
436
3399
489
2533
3379
3318
636
2790
547
1971
433
127
1753
1658
155
1468
451
2783
1606
2318
2574
2166
138
1297
2199
1928
2732
3042
232
1382
3196
2733
1088
239
1838
2859
3213
1600
742
2521
2349
2686
2154
3986
2480
2795
3141
3539
1251
722
1646
3065
205
2837
3810
3684
3113
602
1141
548
3680
3968
2420
1919
714
2039
3010
2467
39
1395
1169
835
1732
3116
574
2065
1563
3653
541
3394
787
1576
2941
395
2607
432
1922
2123
2454
1272
3737
3976
3983
1911
466
575
299
2970
216
1802
2941
3793
1604
3531
3238
2724
1647
1041
2066
514
1022
3766
3352
370
2021
183
1600
1533
3718
463
2511
847
1879
2776
177
272
891
1573
3427
1653
3270
1969
772
3557
833
1700
1965
3813
1818
1117
2638
1311
1644
2069
1609
36
1316
547
3341
3929
199
3099
1452
912
2442
1274
379
1594
980
268
1379
3600
3542
1370
650
2722
1784
2028
2510
3129
3263
1173
542
2320
737
1138
795
497
1130
435
2606
3972
1003
843
814
1971
16
58
818
1865
3811
2563
580
3573
3741
2764
63
3816
1527
622
1003
3235
1418
737
2914
1355
3937
2811
3118
391
973
355
1527
2693
146
440
1554
893
1237
2547
678
3587
1128
233
2579
350
839
3246
2560
1470
1236
1935
3409
3717
313
556
993
514
2225
1846
726
394
210
410
495
3399
531
12
1282
1652
644
2801
3149
1925
1828
2449
98
555
394
3543
2177
3445
2674
305
756
2988
1773
1083
126
1001
1881
1145
2842
622
1888
355
102
1694
3668
416
631
970
139
2164
2677
2175
3883
1538
504
3465
150
1411
2187
1374
2342
2634
294
2542
3289
266
2055
1841
1734
1712
810
2682
327
146
60
3424
1470
1816
1022
1757
3912
1702
58
1920
2732
329
1073
3298
3011
1335
520
3482
1408
1708
1762
999
617
2782
28
111
1654
454
3453
1095
633
1529
3351
2699
2059
1147
2289
2085
1491
879
3753
2790
695
2466
291
2878
1958
3168
72
1919
647
1010
3178
1879
1732
72
2788
1929
3283
223
1952
733
2140
1814
1338
208
637
3475
297
1781
2899
3980
575
1114
1881
3906
1004
1066
3736
1553
2876
1706
1464
396
1825
2941
2745
911
2101
3254
1911
32
491
3344
2071
1826
862
2792
2663
1421
655
3873
623
1887
978
417
3349
1519
3032
1397
1534
874
467
1006
520
1463
96
503
3917
2054
1617
1239
3479
1878
3326
351
869
3472
3380
1868
1862
1823
1682
3725
3659
3370
3794
777
2148
2233
973
560
786
684
129
935
678
1706
1371
2667
3193
667
2910
1693
3439
2935
3880
1443
326
1140
296
2936
1851
1593
3580
1191
879
612
564
3001
3826
290
3394
896
2541
3320
2560
2426
1912
841
29
3751
1797
1203
96
1826
3991
3012
2660
3813
1779
1743
3982
821
87
1001
2211
2658
3508
1059
726
1706
2492
1739
2265
1568
1678
1434
2062
3949
2370
2288
3395
2190
1890
2549
1561
2682
1848
1493
3549
1762
1121
1144
2755
1898
134
3038
2462
623
540
350
1443
1737
2326
1336
1390
3819
909
3444
2065
1778
2579
1704
1964
3763
1324
687
2194
2582
3145
1060
3501
1897
3633
1793
2453
2326
363
2233
2050
1066
3268
39
3323
3873
163
3170
2830
1236
3671
1148
1253
3249
749
2902
3449
1454
1037
982
1899
1021
2549
487
2920
1888
2933
673
2974
1198
2514
3065
46
1039
743
540
1429
1919
2112
3063
3256
1178
1335
753
3038
741
697
2180
2858
1380
585
119
3081
366
962
2651
1515
400
3341
3197
2280
2243
798
2684
285
23
1517
3191
3987
1246
281
3734
3722
3197
1593
3442
3133
3093
977
560
393
2479
1378
1388
934
1783
3457
3364
1977
2483
2209
1236
883
3611
1214
51
2908
1353
1887
33
1635
3021
1887
463
1909
1432
887
1982
566
1351
823
3701
3161
1162
3589
2273
2940
720
1439
1206
1217
1437
1577
1823
669
3644
1754
1885
1635
1198
3542
539
2510
3316
834
3827
2712
1457
2075
2733
3230
585
3376
743
393
3591
1448
3982
931
2390
766
2934
3330
3993
691
1008
2990
3679
2805
2325
42
771
1188
3047
2513
2054
1581
1229
3275
1373
1401
2251
2137
1490
1103
1771
1637
1615
17
1672
1685
1965
1679
3143
1972
713
3523
2700
45
1460
1025
601
1422
1193
3485
218
1501
2007
2350
2556
1084
3125
19
255
2379
2980
1691
692
1964
2701
1539
2602
3698
1559
1536
2990
1104
1799
258
3853
2035
2714
509
924
281
3114
1134
1369
1931
3833
2557
1606
3916
2674
2834
1315
610
1929
1430
540
3570
1001
110
792
886
1857
1876
3008
3935
1445
163
1706
257
88
3255
3343
2622
2042
1709
2782
1445
3133
3338
17
521
1183
2652
1667
1931
1175
3727
3893
839
923
3456
1722
3449
669
953
3729
16
1572
412
1727
1938
3753
3840
1366
2995
329
2686
1035
3316
3120
407
497
3538
707
3385
3398
741
1687
581
882
1493
1879
3047
545
2752
509
1963
1496
207
2187
1213
3930
625
2272
1992
3024
3339
2176
3158
1995
3876
2274
1895
166
2173
127
1978
671
607
1008
1672
1249
3720
1037
2993
133
3539
1912
583
2802
412
1191
273
2304
3712
1594
3765
820
3222
3403
86
1038
760
1180
1848
928
584
1337
1388
1836
1931
3311
141
1545
1187
3010
2459
3363
1325
841
2083
443
2500
3845
14
565
21
587
592
2628
179
3782
3839
644
1311
2093
187
1378
1093
2755
1989
859
3997
3956
3393
2908
1047
950
1195
3963
512
1501
1202
771
3662
674
2142
2473
777
1119
1425
692
657
971
1799
186
1249
3274
631
727
937
1089
3417
3546
1539
3018
1115
3200
201
904
1244
2281
1161
567
1627
11
2302
1248
2311
3292
854
2893
951
1090
758
2107
486
599
709
1718
3888
1560
2572
577
1335
2890
2283
643
92
3236
1475
229
1130
3784
2481
2168
877
3892
503
3371
2680
1967
2353
1363
2267
1622
1074
1620
1455
3164
1840
855
1179
876
3226
3187
560
75
3389
2936
3867
1506
362
645
3983
1625
3991
1130
3480
3700
2986
1413
1976
3169
801
167
1609
1725
968
1960
791
668
277
2082
2079
1003
9
539
801
1853
1440
662
203
1741
304
1542
864
2995
1882
1201
2108
2774
3878
1795
641
2681
1787
435
3240
1619
1108
1648
348
1212
1266
844
568
217
413
3024
2901
846
2138
1011
2782
1465
1787
2354
3845
2494
1395
3737
701
1105
706
916
2595
788
2386
215
3755
3609
639
2656
944
3579
1361
464
1220
3322
2141
3032
691
2369
707
1656
209
3864
3983
3615
1266
549
3947
3525
2157
3444
1318
3896
1202
4
665
23
1597
1177
510
1789
2727
957
3242
2787
2873
1173
711
2825
1416
1107
2881
3910
2508
1423
1276
465
1947
2782
1186
3761
1892
910
1984
1187
2783
2282
844
1374
193
336
2104
526
3966
351
1455
3471
1490
3242
461
492
2438
3714
390
1692
797
798
2358
1473
1207
857
929
2200
2959
2592
1901
242
3085
3531
2778
1905
488
1529
1281
2540
171
3406
1134
3858
459
1280
1620
1610
1296
1853
143
167
3944
1206
926
3172
1534
54
1949
21
3757
2229
3899
2388
680
1470
1435
496
1893
3400
2600
1360
2313
1572
1109
388
3049
3398
3809
2973
43
1895
1287
1026
1214
3013
3612
939
912
2548
2892
1524
2280
1022
1434
77
1176
2693
1567
3228
428
2289
1491
2647
1382
2705
541
2634
2585
2367
1648
2760
1888
2508
1951
2249
1949
1568
1035
14
1049
1763
1221
1124
3245
791
818
641
3430
3906
3869
715
1171
2174
280
3579
1915
13
2594
1696
1009
3943
22
1935
1030
1951
1855
809
2786
3454
614
489
3037
1187
3781
820
1550
696
3537
1646
708
916
1634
3109
3585
1898
1454
296
1815
37
3774
370
1801
781
2042
929
2008
3374
1869
2409
958
463
2633
3937
621
2785
527
7
3884
526
1518
50
2618
227
1859
891
1563
1744
1964
3066
2440
1119
3443
1543
1009
325
1296
3657
421
1287
3798
419
3684
1417
1273
3215
217
707
2242
716
2423
3344
2795
3045
3846
3957
726
479
512
1154
3204
864
1221
1315
715
2356
1716
545
1
1890
861
2664
2418
2121
1695
3239
2687
2347
31
3926
3984
391
2907
2888
998
2782
2130
1589
1983
409
315
1704
3310
3993
3144
837
3703
630
2069
3806
3231
1704
3910
2222
3505
2723
94
1209
1654
3149
74
860
222
1541
2568
438
973
2673
3386
3202
302
2445
1158
3324
1907
1460
543
1343
2676
394
2955
1942
2966
1075
3563
3909
2504
3294
1181
1466
993
3329
227
2843
418
2841
63
788
2947
3063
3450
1585
922
2192
227
660
3308
2469
1409
2349
995
1647
59
2110
2787
3869
1820
663
1149
2677
2152
3806
2345
981
982
1793
3233
2947
2331
2030
2653
2854
1241
3918
1800
1201
3628
2184
1839
1453
986
1499
956
957
2037
1087
777
2690
311
743
2098
1237
3755
1984
3974
1607
3261
866
3381
1874
3815
1048
1457
2491
2798
652
1193
2619
965
1564
3491
1192
818
1954
828
806
1821
1403
1162
83
473
2528
1617
2829
1046
574
1799
968
3356
1989
3399
1030
145
1513
957
3513
3461
3261
3
1603
3547
2361
2970
1359
791
1567
1184
1635
263
1414
503
1459
1391
3956
374
1028
2645
2723
289
1304
1106
2824
874
3979
1995
2449
1440
2237
106
542
3693
2856
982
1580
1192
2738
135
3513
924
1738
1972
1955
579
921
2354
2108
519
2810
1827
3439
1680
3131
2178
3008
58
3810
3492
1805
371
594
84
1196
1759
281
861
1374
1930
536
939
1422
1762
3134
353
132
2410
95
1897
3193
1812
738
3940
867
212
337
1413
383
1752
3995
493
1079
2937
1286
837
602
1440
897
3230
3700
1092
2107
1286
1901
3885
3357
1831
33
2824
1243
1761
1143
2058
3686
2096
1895
2461
1833
3844
2214
874
515
3617
742
1513
440
2670
1799
894
1132
2835
1505
2359
2290
40
695
583
1743
1821
2636
1119
3173
2723
3506
1782
1943
2059
3107
2467
496
2550
3074
3087
2994
2635
3943
3454
535
2636
2430
999
3448
3907
1472
167
2598
3949
328
1674
1533
3259
3338
2266
1076
477
1824
644
209
2087
570
1290
1374
2150
1847
1127
874
1825
3734
1049
2841
2816
2922
3676
3815
2676
2914
2562
3051
980
2930
1571
3632
2596
2741
3382
645
2424
1131
1514
3067
1789
2659
3813
1553
1107
613
594
23
1256
661
3788
1021
1269
3445
289
738
1419
1779
143
2171
143
1529
2365
800
3147
3184
1195
1550
1843
912
1645
1193
788
3885
1994
2006
169
2032
3474
984
204
848
3071
1673
2507
587
1640
547
2403
3090
3176
438
313
1577
1006
467
2473
348
3497
376
572
1819
1560
1513
932
1144
2364
1512
3347
3631
1243
2499
3287
1746
690
176
3497
3607
3898
3394
3383
2853
2834
247
3992
3221
440
188
1415
248
3741
1571
1130
905
3902
3874
2669
509
2575
2308
401
3895
64
483
279
1859
1994
2462
185
1314
122
948
2740
2830
669
1397
1004
193
501
530
1514
799
1882
3405
3185
266
1271
2960
2272
2539
93
3388
1996
482
1273
2914
1112
1614
1677
2246
2545
1165
1583
264
3854
379
2113
3424
2287
3440
3322
3372
800
2007
3849
1681
752
224
2059
3242
130
3386
1926
2761
2097
212
2347
544
1059
348
492
1095
2167
823
1171
1415
650
269
1936
1454
948
146
587
2959
3642
1455
218
2474
1769
3345
296
3075
3344
970
782
1313
2940
1434
1049
3723
2718
505
1737
1560
267
3623
1424
1878
643
600
587
3963
1678
871
1105
2771
3935
3185
2277
1626
1851
3820
1118
786
346
1941
3437
3460
1259
2490
2935
1767
207
3283
663
464
959
3030
1092
58
288
267
949
3061
962
1976
3059
379
893
3921
722
3862
615
1127
568
2748
2004
833
1361
2514
1806
2314
1072
2824
3603
822
2172
3032
1471
3031
346
3380
1334
1304
818
1623
3464
2771
3908
1369
1793
1131
1681
3613
3532
1972
2912
2194
3330
2308
428
3533
750
903
3019
183
1468
3940
3558
2843
980
968
3571
3236
2476
703
886
212
1774
1503
2865
3258
2237
2791
3125
1314
1716
918
1703
429
2110
1191
3188
266
2401
692
2004
822
3766
497
589
2150
3050
1160
41
450
914
1221
3839
1104
1840
2934
3915
2602
1665
2796
3082
1798
2189
3116
1091
3168
2733
3649
971
1258
2435
1002
3231
2574
1249
24
2300
2474
576
765
764
1994
1971
2892
1158
3842
2288
2015
1583
703
54
682
1073
2556
2381
2045
846
2999
26
55
2936
466
1345
1935
406
670
2758
2448
2139
431
249
888
2564
1715
1225
3766
2117
2778
350
871
2661
945
55
3649
372
504
1145
392
2671
2170
1396
45
1508
394
3660
1389
2876
1850
3832
2824
288
3269
2854
1075
1704
1809
638
2695
1464
1221
1152
388
1069
3255
3031
3411
1159
2613
2996
3993
2350
2998
2628
2063
843
2156
1825
3368
1353
1455
2131
505
1265
192
3036
3047
1996
3915
1546
400
1105
1186
2746
909
1118
1478
3970
558
2582
2175
1754
1473
584
1999
1105
1713
92
3705
3971
2836
1788
2253
609
1621
3426
1472
3259
1216
1197
1143
783
2765
1404
3675
1154
2379
1157
483
3843
1521
1074
3401
3546
2595
1188
942
1521
1963
2112
3131
2386
962
721
317
1758
1537
1720
1202
2082
1647
3382
76
1590
3626
2593
1811
3663
3807
1499
2800
1829
855
3700
33
1842
2721
3699
1553
643
689
3137
1519
1980
2337
2153
1623
917
968
2821
2065
1197
1203
998
1336
3619
2765
1092
1021
1371
28
1386
931
1623
2037
1910
1583
925
2056
1598
2711
447
1961
3258
1398
558
3009
586
3526
3759
952
2556
598
764
937
3902
68
1246
3716
3311
2388
1035
862
2292
995
1765
2782
1990
618
2261
1038
769
1871
1753
413
1821
882
1117
1076
1698
332
1646
567
228
202
1130
3522
2830
920
898
2265
3529
127
1091
683
1536
3112
1078
719
1028
2586
1762
3034
1085
1615
3752
1574
121
1372
1435
2424
1467
732
3514
508
1538
3735
2302
1868
2878
1924
1299
1597
861
3893
3915
346
793
3916
1538
2767
3908
1087
2057
888
2125
3520
1801
1177
2582
49
126
2099
2633
1406
53
1934
3105
2250
3987
707
3856
596
2324
476
2643
1603
947
1711
2872
2729
219
1318
3307
2094
2605
34
691
2083
1917
3962
1992
1375
1586
1640
480
2693
2311
3568
178
539
1064
1615
1424
542
3291
438
994
3629
2558
2287
2733
3241
708
2321
3979
1045
2480
1656
1015
1614
1850
625
1125
3530
2590
2234
229
1680
1003
1419
1127
3129
544
3682
119
718
340
718
1589
729
1059
151
175
113
3817
2619
1673
1079
576
1464
2247
591
1703
2305
1240
692
763
799
3726
830
2704
753
1483
1501
475
406
618
3001
3531
3536
2603
1247
3962
3497
2399
1350
3423
1024
1620
796
3692
1630
1974
1300
3295
2692
574
2697
427
192
8
2467
883
3719
1279
2844
1817
2922
85
114
2881
1304
943
2362
806
103
56
2981
1168
548
541
384
1431
998
1489
3423
987
1457
2818
1120
11
1244
1983
2390
1481
1054
3321
1975
3373
76
3897
2889
3076
864
2819
1207
1493
591
1879
2327
758
1072
1917
3533
2716
3322
3051
1520
1688
554
3193
2134
469
1914
1320
1541
1858
878
284
1213
3260
2183
3394
3531
1680
3864
2077
3500
3348
54
3413
3960
3499
332
1765
1781
1563
2734
1558
1557
1034
313
694
323
516
3296
1454
537
3449
706
3527
2130
58
375
2202
3444
3002
8
1728
1943
2618
745
1385
3462
3107
1116
3253
1603
1236
1872
2954
2151
285
568
2397
3693
1828
3101
3188
1678
1958
1745
3925
3506
1043
1533
2798
1961
3123
950
1602
1519
2893
3951
1611
3138
1712
3922
2492
851
988
173
1420
1413
3798
2482
1075
2672
1497
2857
162
2596
708
3225
3677
3545
1680
694
2127
589
234
1753
262
119
1333
1373
1027
1254
355
1064
3621
606
1246
1610
3868
2881
524
3865
2624
1557
647
1585
2329
456
91
1650
2200
3671
1961
870
806
1729
458
1564
1790
165
189
479
960
2239
3612
349
3232
2375
843
1331
3683
219
3633
1010
984
1437
945
363
2397
106
1666
340
1822
2681
1416
2456
2254
2323
1931
3114
3354
3325
1709
3967
3109
2118
2547
2801
3484
2328
1765
989
3471
664
3860
1825
408
3254
2530
1626
2404
3249
599
3760
946
2719
919
1607
72
2373
3952
2037
306
2462
3370
3237
2087
3160
305
2320
2355
1942
1754
3966
2972
3111
2616
1279
1409
3527
33
871
1451
2861
3161
1982
3803
2252
1917
3537
3380
1130
3008
2750
541
290
2945
2322
3263
2927
2897
2749
394
3273
466
2843
985
1295
2155
3285
1471
1449
1486
3287
3857
91
1367
2883
339
737
1177
194
2961
2230
842
14
1562
1412
2490
3542
1604
2837
3680
3131
1367
1763
1789
3268
1419
268
2537
2105
558
3094
2700
3903
35
1210
1352
1044
1394
401
788
972
1948
1203
3164
2924
2353
825
3802
1544
1519
155
546
1523
196
2266
2553
1606
640
3670
423
224
2572
2496
301
947
2484
1852
1218
2658
2907
733
1803
3219
602
1436
2078
2902
905
421
1762
2771
3171
404
1639
3402
2664
1461
3792
3895
1070
974
2
358
1824
1760
3136
3774
51
3325
1522
267
1948
793
1646
1310
944
2634
17
1267
3467
97
2371
1599
3711
2490
1045
1044
332
2720
3099
1650
1326
2363
145
3630
388
1272
870
1587
3062
34
2381
531
2311
2207
3022
1103
3400
1693
3401
2836
3398
496
2523
2723
1026
1406
979
1009
3415
3421
972
456
1148
3559
1380
1153
666
3612
1883
1662
1200
2493
143
3666
2498
1603
840
1659
1618
764
555
1937
1716
435
275
3378
1058
2408
737
1221
861
2082
2726
3756
1375
958
1099
3435
2813
3659
2419
2675
1048
643
406
603
485
846
125
1263
425
647
1401
472
169
1501
1465
1282
2883
1710
223
624
3516
180
379
3646
1779
96
1734
40
3524
237
679
2628
1361
1054
391
1274
1899
396
478
90
1413
2250
772
816
1523
202
2776
2770
764
1964
1312
665
153
3540
1000
3789
594
3878
568
2863
1684
2111
485
2211
1051
347
509
2039
3595
2286
2308
3243
2473
2818
1291
2132
492
773
1842
581
1700
2291
2715
67
1912
353
1414
891
711
590
1913
1973
1627
1264
2476
1440
2952
1612
3773
3237
2633
214
1218
2475
920
1626
2640
316
684
832
3303
2199
3290
964
3454
1378
587
3323
3430
1228
1106
3965
1065
2726
1480
82
1053
2531
820
2974
858
1322
3847
2636
2224
2958
1013
2596
1344
2830
2965
1610
1829
3761
273
1290
359
36
2222
2870
1530
2914
2680
1319
932
701
3984
581
539
342
3035
1842
3956
2504
803
2293
1721
516
199
262
2772
542
230
2013
1012
530
1734
2976
579
3715
1046
3170
2292
1005
1579
2195
1214
2796
827
521
191
3097
1749
1660
483
3970
3301
2644
533
2393
1247
1724
2947
2156
3127
388
2206
1877
1425
1756
2248
1118
1455
1625
978
3816
3115
859
3920
717
1112
1841
2850
1274
85
3927
157
3316
1468
1908
522
1662
2270
1849
1817
37
1548
3889
1169
3273
782
2710
2337
764
319
2959
2337
952
1024
1140
53
3303
2484
3846
1841
1117
2889
936
2260
1853
2878
1419
2218
3422
3499
2103
2098
484
563
1713
2982
58
3108
1984
147
1886
3814
316
1698
3911
3197
2399
322
1343
1251
853
1527
3233
1412
3716
2261
2472
204
1292
42
3805
205
2310
1467
3063
1085
2608
2472
2861
3745
1004
3037
2712
1218
2997
288
1008
3159
124
1196
899
2947
715
1982
368
1653
1838
156
3071
480
1705
1797
3440
3621
2720
618
1714
2885
1335
928
3061
1679
476
2029
1
3630
435
2708
732
1055
1408
3878
1670
179
1694
2512
1874
1904
1632
2648
540
1946
1445
304
1538
156
3501
2359
1163
3643
668
2546
1268
899
3273
1054
1841
3274
1874
988
3113
999
3012
1372
61
1747
1648
2376
267
2325
3398
718
1868
2283
2802
1857
3454
1556
1530
861
1305
10
2656
564
742
1722
793
2343
1297
3617
426
643
678
1962
3623
565
2028
2654
435
3525
1902
2179
1406
346
452
410
633
2240
826
2920
1461
154
3598
841
108
2399
196
2127
1224
174
1620
920
620
2499
2453
3251
3407
3845
3500
535
1033
2079
2905
2946
1157
3681
2548
2860
1350
18
363
430
3340
2250
717
46
1254
3414
3287
1902
2483
1431
2663
2158
3244
3918
3186
3202
2161
462
1143
958
859
1529
2862
2762
1952
1470
1469
258
3792
1514
114
3988
2599
767
2967
758
2574
967
1204
761
58
1853
701
2947
2689
1997
1856
793
2062
2512
1317
892
3125
2889
1333
3693
3249
3946
2678
2490
2462
526
1318
2751
1151
2270
1728
3201
3
2626
1207
89
850
3141
3301
1024
47
2974
3413
77
2659
2356
1795
3033
1010
2224
3940
1935
1915
536
2748
1388
1036
358
1760
3471
1248
1424
2949
50
2126
3155
1591
525
1383
1273
880
677
1791
1474
2843
3643
3338
728
1413
532
1738
89
2122
3672
1394
3678
1112
264
3327
3247
668
2332
908
1653
3083
1806
3232
2445
1725
476
3011
250
2953
3627
1926
3180
3448
186
1669
786
430
3502
2503
2038
2561
827
2436
1455
652
1666
75
2002
2419
2039
2100
1322
1358
713
955
2918
1575
2904
1424
2205
660
1279
3395
976
2010
2122
1931
3481
1794
657
82
982
55
1730
2197
1423
2655
2840
126
3427
1161
1702
2789
1640
1110
3581
93
328
2854
2410
1230
1684
1534
1739
1239
2239
3707
3767
3504
2607
1400
2891
1264
1447
3760
1472
295
3633
794
327
3925
8
2408
821
997
3230
3348
1247
3838
1496
2014
1467
752
2700
3346
300
1665
1402
1637
1228
1638
1850
2259
2901
2586
1162
1857
1236
3828
1228
2237
3526
204
30
3479
1046
3689
1047
3657
249
1004
2567
3604
3350
1389
1147
403
2371
3084
1794
1065
692
1916
1104
549
1286
447
493
2288
1920
2791
1850
1739
838
294
15
1855
812
711
2400
3524
156
1944
953
797
1267
2060
3291
1750
2965
280
753
2228
3155
690
1283
1933
1826
1157
750
2863
1101
247
810
832
446
2849
3237
2529
2780
915
1490
1951
254
2043
283
372
3974
2276
3256
1043
3269
2213
1165
3090
2667
2253
1945
2425
3708
2611
1493
3616
3521
629
3998
1309
158
3308
3735
3018
1552
2743
742
698
2816
654
3954
3587
3575
1901
3471
2108
2907
2915
3226
1542
2509
3131
768
2292
629
951
396
1113
3669
2504
435
2865
1978
2827
778
1057
3048
2455
3111
2562
2367
1611
3072
1120
2249
2835
783
2678
2885
3020
1187
1702
1690
2911
373
1510
1336
2407
3886
104
996
1304
146
1828
126
3526
524
1337
3438
2542
1103
1178
1448
2849
1567
3071
3854
1195
92
3710
960
3437
1689
1860
3675
1389
3296
1071
1406
2023
1738
1969
66
859
925
1990
1802
2287
1364
268
796
3538
223
2178
3064
1389
2418
3244
786
1465
82
1386
333
2808
3918
1327
3172
812
468
290
3202
175
1933
3884
2813
3102
123
1004
1777
3354
2380
3901
556
3289
3574
2839
2078
593
2149
2059
2694
1582
552
851
2258
1824
2331
843
6
3637
241
1243
3143
2083
3257
361
552
2801
169
1658
1114
2398
784
1303
610
2049
3413
943
453
727
523
1206
1520
1167
1618
3616
1425
742
414
2381
1984
3937
3934
3328
1760
2496
87
973
1056
2708
2833
501
82
10
3836
507
1835
1913
452
2786
3037
3746
3945
2409
3434
3937
634
1365
1606
1622
1965
3725
1659
343
1196
1804
565
1004
328
416
2671
3277
106
1098
3203
2759
1640
3543
3366
1965
732
2237
3336
2223
2969
583
2783
3364
379
3499
1240
2486
3712
1157
1477
1484
3879
846
3307
2465
2980
659
1882
1522
304
1077
1161
3913
423
3360
1986
1511
2337
1174
69
3336
1796
516
352
198
753
1596
367
1889
2254
1599
1154
2144
3676
1101
3624
3655
1487
14
2800
2557
3142
3776
1806
209
2648
2176
1961
254
2406
3693
1273
35
3385
3112
1439
3124
687
1662
338
1083
2592
3815
1736
2307
1066
819
3096
2713
414
3407
1367
1298
1909
1039
1890
473
252
1792
1399
548
69
1834
1287
896
2824
2464
1211
1235
1548
1418
1192
1372
1397
619
3168
2974
1489
2872
2076
2139
1902
1678
1919
1907
1007
1383
122
544
648
3499
294
1154
2809
620
3186
1441
3273
85
1326
1482
1270
3632
865
138
365
697
1802
826
3339
2798
2500
1374
891
3776
1431
486
1917
2023
3388
1839
927
1623
3543
194
1372
2206
1702
2704
2194
2766
926
2616
3157
3160
412
760
2807
2832
1134
3070
1264
2396
217
2328
3631
147
3487
3358
1667
1889
1677
3425
67
287
48
1226
182
1275
3579
574
2258
2223
631
3306
1376
221
1102
1489
2448
1064
1294
88
3512
2263
561
2190
874
535
1546
3457
1034
1042
1469
395
1329
3377
69
122
488
1536
851
2786
2159
1566
2687
3875
2959
1773
57
1699
1476
2718
3861
680
570
484
2992
3354
1702
2006
2281
3115
156
776
1641
557
441
110
1810
1463
56
2812
1705
186
1659
1068
818
820
785
2205
2736
635
1745
2782
1656
931
3978
3552
1306
1748
2571
1063
2225
3821
1622
118
1282
323
728
579
3415
733
2726
2648
1327
607
2062
1534
3867
1881
607
3409
1040
952
3136
2897
1642
1268
3850
2201
520
1970
2576
2399
2889
1650
2480
1157
194
2653
435
710
31
1213
3638
2702
572
152
1552
504
3006
2549
3917
474
668
888
2368
492
1163
1695
3847
896
1417
1664
673
3864
1673
336
1862
2695
467
867
2852
624
3783
632
2657
2557
2027
1776
2747
2975
1349
1836
2783
2931
2840
255
8
3546
1238
1465
1674
984
2808
1758
767
650
311
1179
130
222
37
560
2321
1244
3652
803
723
1768
1906
1508
875
89
197
1181
2741
3018
3965
2482
497
433
745
877
2054
947
2101
109
56
1455
3437
898
2414
1748
3258
1540
3618
185
3338
647
1735
2128
3053
3393
3816
3648
3776
2025
1490
216
2498
3509
970
1020
3380
191
3243
1211
797
881
356
3673
1749
537
1441
2363
2794
2877
1325
1492
2894
1582
192
1888
2681
2116
1660
2807
1840
260
54
2799
17
1910
1575
3475
3113
182
3190
886
2947
2940
863
912
1651
908
120
3945
537
3691
3679
1140
1891
2533
1795
503
2358
2165
543
1612
214
3841
3741
1362
1109
1657
3734
1967
3482
3398
1273
1389
3463
770
1054
648
3745
357
1811
1199
2297
865
3025
994
3778
1162
906
450
3149
482
3586
2088
555
131
3374
2018
1772
1299
3739
3699
795
1951
2581
3105
1613
2326
3412
2562
1067
2676
861
155
2686
2997
2741
3558
2633
200
3276
801
497
1940
2747
3348
2876
2839
1239
2722
1505
3531
3324
442
1142
1675
226
819
1616
1221
592
2496
1686
799
2281
3395
996
743
3176
2688
3952
618
785
1103
1043
1673
1164
1701
3542
733
2905
366
103
37
3104
3522
2606
431
1414
1711
1157
226
764
3804
1631
2449
1934
1903
48
2854
1958
814
2654
1822
3059
64
3921
2791
2743
1144
1287
1219
3774
2530
3238
527
1259
2807
506
1687
1446
449
1573
1072
1020
3327
3561
1877
267
1702
2578
1324
1164
3876
1288
2207
3807
493
207
3489
3929
625
2085
2844
3404
3769
3241
213
647
3109
2063
1726
1617
1540
938
1536
3292
3387
1810
1843
1717
3156
2209
2646
1983
2123
1667
800
3757
2737
1375
1219
548
221
1955
3516
2857
1054
1271
3119
2133
1614
334
3724
3146
427
1669
2222
3041
2305
3096
3494
2908
2160
1928
3648
2041
2248
367
1338
2297
1943
3376
942
2416
1625
528
962
3087
3381
3606
2591
1668
3470
2731
1525
3845
3167
421
1321
1601
290
2003
116
890
1550
1797
3630
1748
713
3043
264
548
1782
2797
2985
992
1970
2093
671
1465
2142
3844
20
2779
947
1586
1812
372
3024
1461
1208
1367
161
1102
1001
122
1728
2384
763
942
1251
948
2576
2428
1895
1407
1448
2871
3801
1370
2132
2013
1682
3531
2690
2277
2843
1698
477
1321
3013
1327
2159
405
2764
431
1090
971
764
3788
1253
686
1994
2011
1591
1547
2362
3862
528
31
741
1636
782
477
3047
965
3341
1483
2768
114
1470
848
323
1103
1059
243
931
3323
868
76
75
532
1999
1898
1802
1966
69
1069
2752
1704
2468
443
843
2034
3562
418
1871
3211
2421
2281
393
374
955
1705
1324
716
2326
3961
1614
3550
1402
123
272
678
993
1387
461
1501
612
454
2452
881
3129
1799
304
2794
3781
1880
94
902
470
927
3628
68
1558
1352
1341
3063
46
1890
540
808
1156
1663
963
1251
956
684
3318
676
2441
1318
311
3679
2049
460
3790
577
3592
271
2399
3435
465
903
3083
1662
1183
1698
331
1366
130
3107
2747
3086
3838
85
2426
3136
3328
3450
1661
2592
898
3617
3477
1429
1222
1593
3366
3033
504
1288
2112
1999
114
1668
1754
2571
2920
638
1735
2140
1432
332
3073
309
2815
2341
2160
2115
288
79
578
624
1316
2818
550
3876
2768
901
2274
1602
3668
306
1127
325
2399
2781
1817
895
1756
3820
1058
1402
867
1466
351
1791
86
256
145
2556
1774
1262
1467
3465
2057
2553
1080
786
1211
911
2081
990
3373
3131
3803
239
2409
2467
1330
3966
628
3103
3588
1337
3655
2035
693
1819
96
2281
1160
258
393
2091
569
3588
3063
1030
2247
2319
2555
3557
3551
2395
1332
2068
264
797
1582
1907
1162
1684
1474
3771
3235
3434
2602
2613
1373
1919
2453
1845
2766
369
1462
3562
1936
2633
728
3448
3467
1048
3273
3095
2686
3518
3311
3097
523
2914
49
2621
849
533
3221
1619
3044
374
1682
512
167
2678
664
644
1234
795
1380
1402
966
1438
1632
585
157
109
1475
1253
31
1942
1621
110
87
1505
192
2903
339
2719
2715
416
1402
3537
1054
1682
2334
923
426
1091
2850
259
2169
41
2512
318
300
1472
2677
2434
3223
3253
789
1282
764
154
956
1998
3662
2475
777
1974
1555
1959
257
1605
1994
538
1379
3091
3185
1046
1055
1955
596
2132
1273
2135
1124
321
1238
1892
3690
2090
1427
807
652
3961
3994
2025
3331
3073
2789
3433
3371
1254
2832
146
3003
653
2519
3773
2228
2377
3991
2499
195
3402
1202
1161
2003
956
2686
1090
3074
523
651
1257
3990
1391
2731
873
3649
2507
1431
3232
2970
2105
2229
2044
3842
1963
3367
3558
3275
833
345
935
149
1292
319
304
3372
2410
69
1616
3668
427
439
729
2947
831
3645
8
2277
1051
1795
3934
3495
3804
179
2993
704
291
575
455
2052
3386
777
3883
2311
934
2093
3998
1035
2866
2366
3349
3564
3821
468
392
8
3059
3633
3363
1034
1256
784
1248
911
2418
1700
1721
1642
1307
954
3035
105
945
3813
612
1618
1350
384
938
1431
3554
3503
2841
737
746
189
871
1381
563
3585
575
18
27
3539
400
324
2421
1451
2360
430
314
1567
1224
1879
3001
229
230
184
3883
223
1159
1502
1492
80
1608
275
1191
935
905
2020
1122
3063
1289
2944
1846
3275
1238
3799
1232
3037
3398
877
3771
608
3607
734
2074
1990
877
3164
1908
2468
751
3154
449
3823
2226
846
2367
349
484
3912
1008
1454
2569
2402
1309
2653
1930
1660
2058
1359
5
1851
472
577
292
50
1679
1953
2280
2454
449
2559
220
1914
2440
1382
3691
1120
3574
1421
363
451
956
554
286
3076
164
2605
852
2063
936
1621
2819
2589
143
3913
3240
2724
1912
2745
1634
2757
511
3885
2291
1822
916
2971
1876
443
1677
655
1421
1621
1712
2592
1640
2794
242
449
334
527
2733
3304
2246
535
3709
2803
3797
1151
1594
1970
1522
3719
556
611
651
3910
2542
1405
838
3626
1545
2890
314
1715
254
1506
1917
134
3729
2879
3129
825
1963
469
602
861
2674
230
1339
574
2260
3270
3633
1931
3125
183
1322
2063
1464
3593
3379
674
93
2843
1522
1046
1831
2642
973
1245
2489
2153
2668
2073
2098
2324
771
3035
2133
2682
3820
2550
1584
784
808
3176
1327
1465
487
1268
2593
1417
982
3482
1747
502
1621
160
2655
1759
215
636
847
1736
1522
607
1654
430
1420
186
1966
1831
3059
1193
1075
3535
764
2543
1398
1715
776
3394
1588
1656
942
604
3587
2071
1187
789
2793
104
2007
1981
2780
2515
1538
1669
1298
730
3673
1198
2840
1329
3573
3270
398
2373
69
1493
17
1770
1977
2721
3758
1277
241
1479
2435
2
1557
3507
667
1311
3871
3411
702
1678
988
227
2005
3530
1047
3495
3149
3279
1030
2945
2370
698
376
751
873
1684
3898
2627
1404
1988
680
2097
1406
47
515
3975
1281
2146
2427
3414
1158
801
429
3268
3351
1853
235
1625
1500
481
2943
605
3411
1309
114
1883
1509
80
3847
3691
575
1450
577
1915
2159
1596
3301
3997
706
3582
626
3776
1762
685
2535
107
1204
3547
2004
2967
1165
3169
283
1703
3411
715
1940
1381
1014
3306
325
1127
1440
950
1803
3287
2735
1959
3119
55
1755
1544
2375
344
1558
1152
3519
2341
3405
2694
1227
3808
1958
2246
3727
2023
52
2231
1758
1608
763
2728
912
2202
192
3381
343
3338
2059
1124
3801
1615
520
3838
933
1804
991
3761
523
1210
1741
3957
209
2280
2942
143
1340
1704
602
3208
1349
1097
188
1923
2779
621
1023
2024
112
2280
1714
1047
114
1944
1159
2520
2890
2407
149
883
1094
3149
1215
2783
1500
706
1576
1021
1107
1653
356
2103
3089
3548
1608
618
528
1446
964
977
1496
2663
1084
163
2963
2160
2945
1451
3593
216
1451
90
58
1599
632
593
1833
343
2935
2505
1629
863
312
1148
299
1400
2641
1879
3742
3471
3918
1478
287
2382
1677
1744
979
1555
2199
2849
1069
3846
3675
457
2405
2835
2139
772
1213
3308
672
1738
1614
3474
2164
2456
3737
3065
3367
2750
406
1114
882
3011
1819
1309
3767
3734
441
1829
3048
2389
3417
1595
2920
806
63
1913
2714
1288
1570
1095
914
1457
99
46
3516
3611
1583
3661
356
348
1224
1152
3926
1700
1690
1872
485
1933
855
1487
624
566
687
1078
3338
2695
1416
1188
2614
2128
3603
58
3459
3393
1262
506
2465
953
909
727
1630
1721
1434
3201
44
1581
155
2678
1488
539
165
2236
521
807
1980
607
3067
3300
713
983
3759
36
3550
3219
3403
377
1824
997
471
109
1369
3480
545
2886
2432
3821
3758
739
3858
1070
3141
970
3577
3998
2342
2914
93
3787
3614
615
938
469
1925
423
1952
3316
1757
989
882
647
1846
544
2204
851
1375
75
1650
1361
695
3974
1272
1135
2003
1072
3815
2027
3830
2679
1944
2010
3244
3122
1845
1715
3713
820
3223
2241
1872
1288
3075
812
1447
3260
259
2203
344
414
852
1441
900
2667
2451
460
1352
3510
1117
2183
2133
1768
1557
965
1106
905
347
2098
1624
1512
2689
2764
1864
3133
98
3600
374
147
2126
11
772
1969
768
171
983
3671
2327
136
2297
2103
3275
1199
3598
2098
2941
1612
2697
567
3963
