7
312
324
187
12
32
192
87
273
66
89
75
104
97
11
14
308
339
327
194
53
338
58
210
50
353
137
55
204
141
90
361
70
300
372
380
143
147
67
294
35
125
397
227
254
71
203
164
56
171
51
370
198
215
264
357
230
122
174
193
54
243
160
34
86
145
358
126
114
91
68
207
136
113
27
77
365
138
346
120
379
362
367
141
17
179
199
389
80
84
54
268
388
98
264
107
302
287
25
365
140
97
8
126
1
241
160
186
139
4
352
135
107
215
224
302
326
38
156
161
214
226
314
213
231
154
83
222
248
379
119
253
59
199
54
384
123
73
207
15
132
38
181
201
1
16
147
361
126
29
217
276
32
82
263
154
81
246
270
280
43
229
118
30
67
145
66
392
223
338
128
229
151
277
260
165
151
99
59
97
71
351
334
234
59
252
41
182
296
204
111
49
315
179
187
142
236
219
228
241
113
198
112
246
43
170
371
51
172
200
329
19
312
329
113
370
352
309
221
94
122
319
326
121
285
108
160
145
369
211
27
269
224
130
30
122
399
106
136
115
60
186
235
361
291
159
76
156
342
286
284
210
125
320
225
388
24
64
372
213
67
371
248
262
69
58
147
86
196
20
158
254
366
219
233
183
344
111
93
309
0
249
231
117
332
10
132
95
210
344
41
363
238
14
160
386
94
67
39
359
375
142
122
191
18
157
156
304
394
15
369
117
140
167
177
169
278
59
34
139
366
194
13
355
343
147
364
190
226
30
160
222
45
137
5
373
173
375
354
69
40
176
91
179
359
124
386
119
170
126
256
2
117
367
29
46
308
23
313
206
109
385
316
106
131
91
153
394
153
303
273
162
134
397
124
18
253
119
120
357
235
21
35
98
167
226
75
198
179
85
84
64
325
372
125
126
15
105
2
385
300
164
131
124
270
49
85
98
313
199
114
196
244
345
213
109
90
97
93
80
379
263
333
30
13
366
182
224
179
161
346
202
251
72
336
356
240
242
184
88
311
195
395
41
91
255
292
2
170
141
388
38
296
17
324
40
147
125
297
13
275
264
135
301
131
162
193
197
126
338
35
241
189
63
367
367
229
35
341
267
37
392
330
358
232
8
177
51
33
111
232
32
138
253
127
147
228
382
345
289
377
316
360
271
60
41
48
95
68
366
18
216
58
397
38
75
139
25
46
399
357
115
324
152
36
17
395
81
74
184
31
394
160
271
128
81
284
137
129
129
197
111
338
148
290
24
183
27
156
339
7
134
47
2
99
115
56
94
280
21
45
79
46
211
199
38
293
330
9
160
358
148
241
149
66
61
85
81
12
159
63
174
328
250
5
36
245
80
180
356
104
22
325
160
215
159
104
115
268
351
148
114
192
133
260
138
192
259
28
104
112
111
229
55
326
379
31
134
86
171
341
369
106
194
257
320
305
336
104
320
72
24
18
259
79
246
121
95
292
119
86
253
307
74
231
343
169
282
367
348
138
7
117
387
320
328
132
146
248
183
125
174
169
53
309
352
75
149
125
151
224
136
46
291
189
368
354
142
161
202
59
129
58
220
244
385
56
23
126
74
147
163
345
274
238
112
29
161
313
151
237
171
271
203
131
209
207
342
84
110
163
205
361
217
127
224
121
145
357
177
111
14
324
213
89
75
253
225
47
225
287
162
288
145
367
124
179
53
113
360
7
187
122
91
292
242
42
80
9
190
301
306
229
350
9
131
109
189
121
33
38
330
313
305
111
149
8
339
96
338
59
142
175
237
360
46
310
1
12
220
125
252
236
69
290
265
330
92
33
55
191
195
233
34
30
264
45
118
149
63
175
285
9
236
82
85
151
83
345
9
106
137
31
132
299
317
282
275
89
327
61
180
58
24
229
172
219
89
124
111
268
135
152
194
265
19
324
328
258
70
216
149
259
361
46
346
261
80
78
20
154
345
96
211
138
220
219
324
320
350
173
156
356
94
264
51
42
23
242
372
202
10
88
289
60
101
204
173
36
155
91
145
185
166
120
346
315
158
326
340
183
185
179
56
134
394
246
216
378
328
381
230
391
330
211
386
47
193
121
97
19
6
339
68
114
233
132
17
154
164
367
150
257
52
133
132
274
142
135
199
264
164
140
132
298
96
117
308
252
27
274
159
143
105
396
64
159
118
192
271
269
345
293
87
65
2
209
114
284
227
284
187
253
189
323
45
125
390
1
66
287
44
180
19
112
135
4
206
392
380
3
64
319
90
366
142
139
360
1
329
235
6
317
162
209
373
155
181
268
201
112
57
204
319
22
176
307
339
277
316
329
150
143
223
389
151
271
280
165
292
257
13
32
370
88
168
310
91
147
339
142
236
305
228
330
241
193
108
196
184
388
165
313
71
62
208
34
265
43
25
164
36
309
99
54
352
123
54
352
217
230
100
117
74
250
330
245
211
265
115
50
95
141
311
365
263
316
373
107
0
150
43
300
131
214
181
182
250
332
197
232
269
320
47
301
22
20
26
254
335
364
45
125
74
19
137
76
23
75
350
253
76
145
180
73
76
126
276
27
149
89
89
60
362
55
365
339
112
248
238
247
338
332
123
3
276
118
171
240
238
114
319
67
99
132
66
127
207
40
218
284
145
300
359
43
313
250
231
17
272
8
312
325
104
106
199
156
261
106
160
23
303
199
24
360
159
134
55
230
80
113
322
82
183
365
232
16
6
252
222
168
125
129
48
164
27
171
47
181
7
103
30
352
125
57
34
56
366
162
396
149
213
26
227
324
249
234
177
275
41
6
9
247
192
121
224
305
147
246
65
34
216
33
138
7
41
151
30
39
311
154
164
333
3
156
174
397
84
188
87
192
130
391
14
21
42
71
147
122
125
93
38
57
29
114
93
243
45
26
373
264
343
306
1
41
71
194
279
49
262
360
185
325
77
192
204
129
145
375
135
182
33
94
199
381
266
366
67
102
30
246
15
291
177
386
198
320
220
216
309
133
206
13
237
350
391
197
113
0
88
305
16
50
145
19
129
76
110
280
33
37
252
208
96
5
243
169
171
142
228
88
13
31
315
148
197
209
208
49
173
96
315
70
116
394
221
191
371
348
384
188
331
256
97
317
133
359
280
64
32
353
41
310
69
310
222
184
38
184
266
302
346
49
172
337
372
86
362
347
76
155
275
59
236
41
164
233
128
313
294
13
107
282
300
105
294
176
25
208
357
27
208
221
52
16
175
182
220
146
328
126
214
245
370
151
197
230
389
237
284
6
152
346
37
201
346
71
173
334
67
249
144
55
207
194
116
326
291
15
230
65
206
10
15
142
17
166
229
323
125
103
292
61
26
175
190
142
195
75
308
154
386
197
129
196
197
10
51
121
98
146
149
89
68
173
162
94
256
347
274
187
97
304
47
322
4
158
187
108
367
367
135
224
22
200
159
24
38
227
128
158
27
359
316
382
15
223
189
3
126
306
126
285
277
143
274
393
210
57
336
98
70
198
366
60
288
250
78
152
163
105
145
95
30
399
73
268
314
126
75
22
318
326
177
135
29
172
164
390
348
343
361
137
265
255
9
183
376
2
147
244
84
144
81
156
319
33
364
307
185
205
94
135
81
72
279
116
187
240
151
43
322
271
119
55
128
54
26
118
371
165
359
339
23
244
137
373
69
156
273
130
73
98
314
34
82
12
276
31
267
86
83
189
190
183
90
141
316
65
270
141
326
41
292
62
27
227
160
262
294
359
291
196
202
268
4
23
122
190
31
81
53
204
66
374
215
62
186
378
99
153
137
155
331
1
239
331
233
222
139
340
3
146
320
355
347
106
160
51
124
239
239
141
300
54
56
19
52
203
42
59
182
122
265
104
170
240
238
83
109
11
5
1
192
228
258
34
138
81
76
377
383
0
64
355
208
197
234
239
115
75
83
243
48
105
340
288
2
265
124
134
250
106
108
55
270
151
71
28
175
368
151
34
67
26
104
241
22
170
132
136
209
69
339
349
169
314
244
204
117
225
275
311
96
331
2
24
188
176
222
173
131
163
282
279
44
199
225
365
154
30
26
228
394
202
79
110
270
141
214
208
5
36
48
3
141
199
378
15
237
3
122
382
325
396
87
14
315
267
399
155
304
112
39
391
198
218
295
388
291
300
57
302
182
66
395
22
162
275
94
23
58
74
90
322
378
83
167
79
370
221
268
49
82
40
187
96
125
178
94
379
375
375
34
113
276
112
154
281
264
7
80
173
15
25
28
188
105
291
144
205
24
390
34
116
38
187
203
52
92
235
249
60
318
167
188
306
10
143
54
224
195
117
101
229
13
93
116
58
16
299
330
319
367
120
143
137
140
6
345
81
170
375
135
224
192
348
332
49
163
384
371
48
157
117
194
4
306
30
241
133
104
14
246
31
346
132
291
89
66
373
242
377
350
202
291
84
200
221
159
73
301
10
113
87
33
75
188
256
50
284
21
31
190
259
124
183
128
8
303
278
69
388
175
125
137
315
166
118
104
74
369
140
272
235
86
299
19
339
14
184
3
113
32
12
195
137
168
215
28
108
346
192
174
151
161
77
152
14
176
223
24
381
279
114
396
340
33
116
353
131
186
228
223
268
28
137
128
235
102
41
325
347
102
101
69
167
14
199
351
156
26
71
175
211
216
352
158
14
315
89
312
269
354
327
25
240
254
387
310
225
37
26
347
120
146
286
370
103
160
52
297
128
18
44
74
64
170
47
102
151
225
138
124
317
216
312
126
355
25
166
165
329
344
125
87
202
78
89
361
282
58
280
270
125
86
182
366
321
32
53
108
374
86
223
340
379
195
384
54
223
258
34
185
369
260
92
126
145
0
33
26
349
90
139
141
114
200
379
18
236
298
301
131
32
302
85
96
326
269
394
102
362
19
221
91
101
378
200
148
167
100
276
320
90
134
237
191
122
307
169
291
323
305
280
103
288
353
126
314
100
106
28
57
262
190
339
80
178
89
36
213
58
4
298
343
101
276
69
341
175
10
176
344
250
172
328
53
98
393
179
316
377
399
355
162
390
324
84
165
74
101
89
280
166
148
143
246
134
16
299
80
22
162
32
13
259
90
112
300
143
186
267
356
52
333
358
116
356
126
268
73
66
42
59
271
124
67
248
84
346
69
336
336
269
41
357
220
181
295
294
129
17
57
360
82
204
73
285
17
55
250
92
26
88
268
210
5
34
30
242
86
358
215
270
270
317
327
131
305
201
8
57
80
76
50
81
44
232
101
240
186
330
84
51
274
359
299
251
163
293
43
127
108
267
4
71
382
259
333
192
39
303
49
366
163
131
337
238
131
10
188
133
5
179
253
90
33
191
369
350
12
69
6
120
23
22
215
298
52
152
47
69
334
382
116
111
206
150
350
35
167
180
0
225
344
266
376
82
188
92
254
344
31
146
139
74
56
188
161
242
123
344
289
233
97
116
126
154
177
194
342
106
101
334
141
305
175
190
87
199
45
306
87
140
36
351
142
145
201
188
361
167
69
348
347
309
4
135
96
312
40
144
147
68
106
144
121
170
184
126
83
310
0
177
169
182
99
165
330
70
45
18
34
124
5
8
269
238
49
229
150
16
291
18
94
171
43
62
75
92
253
28
185
219
91
260
303
26
281
205
284
123
17
41
55
101
69
181
186
144
272
224
229
194
61
320
247
381
51
148
51
209
126
30
170
169
387
24
15
309
273
343
162
354
11
3
126
32
317
187
253
94
225
73
395
229
22
19
346
150
136
88
391
362
278
78
390
347
33
164
81
269
296
167
10
104
122
105
31
130
108
113
111
13
262
316
247
149
41
397
334
90
108
325
335
389
368
45
46
40
56
309
150
149
346
355
309
84
359
137
357
260
116
209
100
132
250
140
142
264
257
126
223
70
182
215
203
315
55
247
35
361
318
282
25
22
112
353
55
113
109
79
151
263
289
195
99
27
69
323
151
7
177
13
294
103
128
73
233
76
260
271
391
395
301
123
96
173
156
73
307
372
79
102
178
98
171
86
340
147
311
166
33
318
57
310
349
71
167
186
48
68
106
90
117
285
328
184
117
107
37
127
213
139
9
1
33
330
126
238
94
326
298
323
222
173
52
185
143
34
44
44
372
60
82
233
354
60
309
322
391
252
286
39
199
180
148
129
62
49
198
326
111
204
286
126
43
187
303
82
301
346
143
328
90
179
114
133
233
21
217
91
94
278
387
123
132
280
41
42
111
133
319
124
264
69
247
53
168
283
16
22
128
241
63
399
60
83
135
105
106
100
228
159
123
148
307
394
369
107
247
100
24
260
104
151
6
37
11
67
318
267
323
26
5
59
46
319
319
126
310
229
189
120
45
171
283
64
365
2
27
367
113
347
243
37
58
108
125
378
217
88
75
213
297
214
235
38
243
94
270
79
40
65
65
370
170
130
140
110
146
17
20
177
210
337
193
93
149
225
324
52
291
166
188
241
253
7
300
18
172
136
175
83
38
243
25
183
29
138
59
236
112
128
295
85
368
44
16
125
172
343
185
56
319
205
82
207
300
380
44
174
338
84
283
115
342
220
272
223
83
132
253
154
270
48
158
14
119
139
34
24
308
18
110
394
51
45
197
326
308
170
106
273
138
224
149
53
13
369
141
163
327
260
166
133
264
99
231
19
223
222
76
135
92
38
77
18
42
75
132
213
89
245
192
335
4
158
183
326
33
39
18
134
305
117
295
214
131
53
341
182
322
93
165
56
165
158
160
358
275
93
32
271
25
265
282
229
188
102
132
96
118
84
186
102
311
350
362
33
82
96
62
266
348
135
129
137
11
284
19
242
15
121
229
152
241
216
135
302
211
34
220
223
284
227
51
167
154
203
194
390
215
224
32
6
113
308
213
11
78
17
107
154
89
219
173
61
337
42
264
267
6
14
160
98
140
267
228
126
113
135
117
326
363
37
49
284
210
138
166
44
237
240
114
56
230
284
111
325
151
208
0
316
349
24
19
227
80
236
221
31
163
193
64
139
125
274
149
105
33
48
389
78
95
155
334
297
276
30
132
82
36
238
148
123
224
262
294
86
117
351
148
56
8
42
302
195
119
30
60
61
229
292
206
16
28
176
295
112
1
93
85
125
365
168
65
377
198
330
219
149
185
192
233
277
141
241
300
307
78
210
158
240
244
205
21
360
93
291
351
328
117
171
149
311
205
132
40
125
49
93
102
22
179
16
306
0
172
88
111
144
124
248
84
347
316
12
29
193
3
182
56
270
120
370
157
64
340
106
293
5
138
283
344
43
224
129
19
165
18
155
270
143
139
267
21
68
229
52
244
364
183
119
16
220
148
81
275
270
41
43
122
77
380
210
167
88
331
155
269
75
172
92
324
97
192
2
147
25
272
163
146
1
290
111
318
96
301
19
84
345
201
69
387
70
129
235
72
335
242
28
142
126
12
276
321
262
334
333
309
21
137
391
33
71
36
390
119
128
208
63
150
155
326
258
58
10
51
60
51
114
264
81
315
364
91
158
377
107
4
132
370
176
14
71
152
226
43
17
187
274
103
59
347
341
171
288
341
348
123
190
392
115
246
5
392
186
1
112
123
120
197
13
68
183
183
119
89
305
9
372
354
298
65
390
131
267
11
285
59
331
189
168
133
337
91
85
9
18
354
132
134
155
360
3
185
147
340
263
314
211
0
30
103
58
102
10
126
97
30
32
25
227
215
140
365
210
59
338
167
208
142
30
40
56
295
126
32
170
65
210
112
194
296
17
273
80
379
65
89
399
280
109
67
275
203
111
194
160
341
100
36
67
248
119
179
297
36
17
313
224
54
221
6
85
130
84
260
99
241
390
294
209
230
173
148
18
315
328
335
198
66
385
110
289
72
59
242
225
311
106
122
10
187
35
115
144
280
278
122
138
129
72
139
330
273
257
91
127
194
165
374
209
233
303
160
95
48
90
332
247
244
144
23
140
214
352
301
347
136
345
140
120
58
113
366
143
352
38
70
108
124
156
260
247
51
125
44
393
93
156
145
112
98
6
273
241
121
75
157
369
187
327
45
128
251
316
359
128
132
89
253
52
47
163
183
207
121
27
90
55
336
285
253
139
271
118
233
62
168
46
48
358
385
242
264
211
27
234
258
170
366
126
81
109
118
66
392
0
288
264
11
164
174
111
79
152
68
60
174
57
320
82
104
316
362
164
233
33
384
42
231
254
166
48
149
151
12
28
75
396
348
272
213
130
38
119
104
299
14
273
36
269
279
90
17
154
259
91
118
139
175
105
127
394
74
99
324
160
192
34
50
144
315
243
45
327
21
114
266
240
285
169
159
135
82
166
45
330
108
330
222
54
381
41
8
214
330
2
214
149
224
152
126
275
182
99
253
123
82
176
97
392
128
122
133
253
205
37
394
135
265
32
2
167
140
109
371
230
7
15
79
179
261
297
392
44
47
27
5
147
318
21
53
108
286
281
29
263
61
56
105
5
20
140
351
120
119
115
328
297
362
289
88
240
389
234
221
31
13
66
146
348
232
81
284
316
57
89
53
346
146
8
308
16
162
218
333
119
236
295
8
191
84
143
117
316
19
124
18
89
100
262
352
37
284
120
127
51
120
161
333
266
381
64
156
202
267
207
356
125
267
187
9
104
1
63
69
341
165
39
323
171
376
47
393
51
118
256
178
170
96
234
309
132
100
149
186
395
383
23
73
179
290
397
141
389
195
357
19
396
91
19
182
385
231
329
168
320
331
190
128
21
107
34
51
262
260
163
172
43
132
219
250
60
59
228
134
110
155
29
149
245
306
293
228
206
131
79
159
260
65
161
221
61
180
199
73
99
163
76
216
213
83
151
191
313
161
163
4
258
376
184
34
365
47
77
218
364
222
203
68
156
366
309
247
74
388
43
30
47
39
21
58
383
221
372
163
199
13
16
327
10
231
259
253
354
137
181
259
289
263
354
30
154
161
314
33
234
384
53
91
106
361
353
194
123
373
10
224
231
219
137
77
308
305
112
32
283
134
26
212
178
229
39
113
244
142
364
180
47
237
350
182
375
231
12
312
133
259
26
5
369
306
143
320
324
204
144
52
26
18
162
213
2
99
84
105
152
5
292
233
73
90
172
51
274
180
68
369
181
226
104
263
42
194
107
285
279
210
68
316
230
198
182
81
288
144
300
370
253
168
291
362
338
51
116
187
0
124
147
14
352
93
303
336
21
327
75
363
135
301
164
0
56
160
106
93
307
64
158
298
207
149
86
303
338
361
30
250
99
250
90
145
205
102
147
325
217
239
104
138
267
354
153
35
153
228
132
105
320
65
317
132
126
278
159
351
319
100
233
159
316
132
203
57
191
300
7
237
201
291
186
99
234
196
264
31
181
217
6
144
189
120
276
14
216
193
5
123
188
9
126
48
119
397
51
309
193
174
4
175
162
309
334
28
248
312
300
19
44
197
378
22
100
84
265
156
4
199
374
84
145
286
101
343
238
351
31
113
113
160
208
288
337
4
251
18
20
213
360
259
106
342
46
146
56
111
143
340
340
62
88
78
366
110
155
187
101
302
339
257
51
186
5
99
291
32
42
143
24
252
212
0
211
132
3
29
326
48
169
122
80
75
61
146
313
101
43
185
143
94
63
180
164
206
259
115
151
190
120
333
102
266
22
21
10
278
154
146
256
52
296
354
128
127
207
110
153
37
149
350
148
52
64
204
137
158
53
334
362
337
206
20
130
295
374
32
55
305
162
360
9
323
165
311
93
280
294
196
2
256
212
22
225
330
9
213
354
81
111
224
58
72
390
25
194
78
0
194
38
174
316
148
5
374
159
161
48
213
296
20
128
289
255
66
218
157
141
306
185
42
231
232
367
330
21
232
175
25
107
26
79
31
120
188
115
49
111
15
326
181
366
65
243
175
148
344
330
24
257
117
399
124
22
318
142
124
134
170
359
333
42
29
252
280
349
226
140
377
4
149
318
72
206
140
91
332
253
112
70
94
366
151
151
188
160
223
138
269
365
290
305
246
205
128
310
245
375
371
166
96
238
250
220
375
170
354
193
360
136
301
375
387
329
80
42
145
284
211
89
27
279
222
0
176
54
128
276
73
0
135
382
296
238
42
160
48
140
127
132
202
33
71
7
170
120
224
276
228
30
396
232
28
53
139
6
196
135
261
70
162
23
29
17
171
206
25
212
60
54
251
0
97
124
319
304
135
137
54
96
147
205
220
201
298
117
23
100
360
293
286
124
19
112
125
332
261
183
68
233
154
167
186
137
105
154
185
243
263
71
166
53
69
130
371
344
371
12
91
325
223
153
230
95
200
245
137
194
228
235
13
302
116
84
342
260
163
355
180
162
319
337
217
183
64
59
138
63
258
352
163
161
215
195
295
211
125
147
324
200
173
328
255
379
40
366
112
331
7
353
127
18
125
240
178
304
49
107
336
107
1
270
302
335
181
309
32
6
223
394
57
15
41
101
323
4
88
370
160
175
388
383
363
34
366
105
288
25
125
271
232
290
37
306
235
3
197
331
79
289
16
70
161
349
218
105
111
17
251
329
268
215
16
368
31
130
283
170
292
3
181
40
211
0
262
28
144
174
92
314
13
116
111
148
21
12
243
58
305
138
90
137
34
92
31
91
19
7
216
12
52
224
178
357
173
170
1
200
210
103
189
258
308
297
316
126
146
127
8
296
149
348
41
259
167
2
289
352
11
371
183
88
254
137
183
254
83
227
113
217
361
202
136
209
105
385
139
217
118
398
152
325
319
224
201
111
130
52
338
313
21
133
157
235
76
135
125
233
54
266
228
332
134
115
26
263
281
8
46
328
197
138
354
83
147
148
95
58
257
71
285
84
228
41
288
37
244
257
271
94
383
248
207
109
331
138
206
232
56
336
19
388
191
102
72
130
110
181
102
84
114
79
108
170
294
317
114
80
304
334
29
323
40
248
112
284
120
385
90
155
115
212
319
13
237
137
204
198
336
319
225
78
88
305
220
318
107
186
86
8
358
286
310
138
78
93
215
318
41
396
215
87
129
29
373
24
161
357
333
69
173
36
120
174
310
175
168
213
379
13
84
32
145
92
26
355
60
121
314
333
38
30
214
241
33
29
165
163
42
8
305
365
1
161
92
303
166
199
106
132
357
180
231
128
109
63
378
88
121
230
36
153
242
205
155
195
59
37
352
326
340
338
308
370
220
289
146
120
31
23
331
148
225
134
89
64
151
114
99
86
205
144
116
80
345
77
28
240
313
39
397
382
396
296
209
143
155
339
35
171
225
210
246
115
145
237
290
20
2
245
189
191
266
249
49
348
298
162
281
81
371
340
348
347
270
105
347
173
279
350
317
384
94
213
248
186
10
114
79
82
95
308
13
238
88
97
372
230
15
175
248
22
102
117
2
330
136
209
290
196
370
10
79
35
387
98
238
183
302
365
164
398
354
93
172
113
88
95
93
210
167
33
266
276
105
397
97
180
6
140
189
132
175
226
258
255
98
398
244
210
176
29
193
26
144
226
166
225
77
147
99
87
238
133
214
150
302
298
25
78
263
111
5
117
159
45
39
130
73
389
121
76
293
188
20
334
144
57
116
106
149
382
118
186
208
328
180
123
247
26
26
290
185
162
206
64
327
6
295
139
121
122
333
95
223
16
118
347
270
53
71
234
139
45
346
123
7
249
349
171
207
18
15
117
336
23
166
226
59
298
310
176
113
127
188
137
5
332
338
5
363
150
258
333
173
151
128
76
236
345
109
210
395
381
7
373
312
58
31
277
351
97
123
164
267
372
10
310
187
145
94
125
79
193
112
197
57
138
124
242
210
346
126
285
18
195
331
396
207
129
159
231
298
21
106
395
386
109
28
36
208
88
90
366
123
328
191
381
297
75
78
121
197
315
56
128
119
256
399
56
167
354
169
280
379
120
36
85
55
112
106
146
201
322
165
28
167
73
94
134
373
19
310
168
14
296
39
224
373
199
240
153
46
322
105
139
106
330
376
165
51
140
300
174
239
310
140
243
44
314
225
317
198
70
341
81
132
26
379
14
125
181
120
2
289
109
392
51
98
273
25
45
53
164
286
92
321
232
188
382
279
217
51
373
110
141
205
283
121
62
49
365
35
177
173
58
342
152
118
48
18
381
46
53
194
170
265
232
276
68
236
210
119
393
289
321
90
157
101
135
7
387
228
60
268
114
283
282
54
210
292
41
338
60
332
54
166
16
70
157
389
135
371
346
106
51
244
322
323
230
360
372
36
247
337
382
229
293
382
311
104
122
114
133
16
124
72
36
276
237
98
82
98
107
353
359
107
147
315
215
308
195
194
332
28
309
60
58
323
168
241
325
371
15
98
5
38
177
39
352
99
67
11
180
9
353
92
343
143
139
220
162
374
227
354
139
151
45
265
172
17
30
5
19
394
300
376
39
71
25
366
205
207
2
123
328
332
348
138
142
110
98
363
27
72
25
103
157
68
172
248
86
324
96
100
311
95
234
152
225
118
394
4
73
105
34
304
314
198
316
30
28
353
320
171
218
96
364
332
316
169
111
355
24
99
132
27
207
294
159
153
261
120
86
278
326
165
68
197
235
353
34
132
69
330
252
60
43
318
105
92
354
15
22
161
172
246
210
207
20
101
151
33
304
53
26
387
129
155
337
96
9
103
258
177
321
151
224
254
12
168
127
21
227
158
206
313
121
206
188
229
396
44
124
66
95
68
105
34
284
81
354
68
292
77
130
374
212
176
136
96
173
204
123
46
141
324
292
341
215
22
44
90
40
149
337
90
164
159
262
125
141
213
341
213
399
140
9
87
276
331
168
82
141
252
154
171
113
144
117
382
309
222
335
75
56
388
232
88
322
214
28
107
29
44
112
366
219
362
41
90
231
394
319
262
142
142
228
237
221
249
361
7
7
74
77
32
231
30
86
50
164
26
189
21
184
50
216
55
350
166
53
143
173
13
299
175
154
81
287
28
195
255
56
330
18
315
151
211
328
95
332
148
378
123
315
88
304
52
312
139
289
6
169
163
20
178
303
219
396
382
18
138
156
107
263
88
377
78
117
282
385
214
99
232
273
58
96
326
335
127
154
243
130
347
359
19
37
91
34
318
272
57
222
231
104
269
120
134
223
312
137
380
351
237
164
350
134
221
103
169
66
148
245
272
148
70
132
25
364
121
220
182
183
148
308
20
8
149
171
335
82
54
132
330
366
105
140
72
61
206
274
141
29
60
107
123
49
193
50
177
218
344
124
213
138
193
355
70
5
233
49
324
52
148
48
156
71
115
153
69
356
169
61
170
258
317
31
366
219
340
314
384
163
270
357
24
165
396
92
113
160
292
290
198
45
393
8
32
114
378
256
185
372
8
348
11
329
272
133
314
139
334
305
8
317
97
189
394
91
40
311
135
85
157
47
290
135
376
58
395
337
320
48
33
103
139
376
77
243
122
89
12
182
6
36
340
31
51
64
250
397
346
146
357
53
248
224
148
112
84
241
154
123
273
333
36
329
386
167
187
305
3
116
80
20
113
236
126
354
144
187
314
146
256
314
326
165
176
171
321
353
69
178
339
280
259
174
19
261
74
36
80
302
113
358
187
156
225
335
349
81
97
355
10
156
74
273
1
249
238
50
70
215
9
58
353
388
360
95
296
307
117
192
192
300
24
171
399
166
322
336
145
95
39
394
131
74
130
167
102
222
273
125
40
182
49
107
172
130
92
205
59
60
287
194
44
78
25
345
384
97
243
4
364
182
146
335
210
19
320
215
348
93
376
187
160
194
88
173
242
216
374
152
75
383
285
134
290
28
54
132
180
129
4
192
75
26
320
338
348
88
126
269
148
250
345
47
99
42
52
214
48
321
282
105
155
268
294
248
186
113
283
30
199
117
221
41
90
6
105
32
159
326
306
89
196
302
370
213
107
280
174
51
24
28
378
71
126
20
171
176
22
175
82
358
212
307
280
304
33
17
196
334
182
99
108
123
280
151
383
155
398
83
73
115
176
157
174
274
384
55
104
170
98
254
40
227
141
362
52
121
369
227
159
85
89
300
111
377
317
225
236
48
58
104
158
133
376
244
391
356
132
95
245
38
299
321
135
137
83
398
366
10
48
281
36
141
80
13
135
95
375
18
139
326
278
198
133
95
12
52
62
91
136
191
129
59
218
182
32
319
16
297
359
112
344
33
27
40
82
311
81
319
212
266
143
145
366
99
120
313
261
179
124
274
144
15
15
134
223
20
11
94
217
39
130
104
156
361
58
149
34
206
373
300
2
192
73
120
349
373
32
111
386
204
189
29
194
365
182
20
224
158
28
294
41
100
123
54
263
329
127
248
277
31
373
67
350
244
165
38
365
366
239
215
20
100
170
211
246
324
385
145
176
267
138
167
278
162
366
193
200
54
142
129
123
145
135
380
154
371
2
387
196
80
322
120
216
183
185
20
98
257
31
123
343
261
278
150
299
113
212
189
33
265
141
139
156
290
103
183
316
97
148
146
100
99
115
145
395
331
389
109
257
308
137
288
220
39
143
43
82
373
146
30
309
245
43
247
362
111
255
364
20
35
115
365
137
311
215
102
349
339
274
128
17
55
100
278
75
18
156
317
96
13
78
82
204
330
197
55
337
69
20
84
104
227
211
333
111
286
14
214
234
260
258
32
183
264
134
191
1
78
283
332
216
392
326
240
352
77
292
138
49
159
189
124
319
27
15
27
347
291
42
114
113
89
284
263
68
377
165
326
325
213
64
199
199
7
301
368
384
309
107
325
174
187
6
116
241
101
279
79
286
174
237
198
311
85
44
36
286
278
103
293
53
164
166
259
32
85
279
164
310
62
55
113
221
21
87
28
213
230
283
193
36
91
11
181
167
276
162
32
7
26
69
194
256
134
297
174
279
68
157
16
388
172
181
113
22
166
43
376
19
66
176
114
8
372
306
73
7
70
164
30
101
171
37
321
288
214
209
63
276
367
136
251
308
294
118
270
35
21
154
325
388
130
117
3
276
30
345
147
20
319
96
121
70
81
59
124
195
39
130
100
50
80
14
245
242
1
163
94
68
297
354
307
215
10
165
154
148
172
72
398
247
372
285
190
162
165
104
29
131
395
380
14
45
135
189
80
219
169
78
94
155
372
94
355
10
57
14
241
321
175
395
117
137
318
190
180
65
212
313
277
273
123
81
246
274
83
72
220
30
11
205
351
197
223
180
61
132
157
134
141
127
297
162
98
201
274
102
21
124
217
393
166
3
239
49
64
133
48
184
9
260
119
30
54
202
2
358
50
229
155
324
118
142
200
328
23
110
99
274
56
66
166
125
149
16
65
130
96
109
9
113
371
127
21
373
147
38
169
386
191
336
126
69
238
65
52
216
141
86
8
45
269
238
175
381
357
336
193
137
61
363
285
82
225
82
91
178
60
288
56
92
199
325
274
135
68
399
33
398
165
58
325
357
366
124
228
169
41
168
157
398
44
94
6
86
98
152
94
246
339
79
107
271
288
176
29
220
42
334
250
268
214
134
156
300
162
377
204
202
165
166
388
196
37
89
398
24
234
104
173
86
64
80
168
166
173
238
271
23
22
234
3
29
84
323
331
381
149
107
367
78
178
118
148
223
394
301
309
203
350
32
33
288
312
3
199
141
248
327
234
252
318
379
375
255
271
66
11
136
259
363
394
242
124
275
160
182
187
59
70
60
180
324
374
271
153
319
372
317
238
351
50
348
115
92
333
17
282
202
66
73
352
298
145
125
27
162
199
68
302
55
168
388
223
42
246
9
30
130
32
266
287
139
191
287
350
297
89
300
61
113
141
261
206
192
315
79
94
0
53
102
143
399
52
106
24
306
345
128
197
57
98
276
96
359
116
312
342
75
349
166
175
303
302
180
307
291
129
290
320
194
264
257
27
115
250
278
146
25
194
298
22
10
293
363
362
121
25
354
218
337
39
130
350
167
6
374
159
386
22
165
208
233
108
81
113
78
194
86
148
97
7
218
130
148
168
196
394
151
218
253
215
106
347
274
229
270
357
154
141
379
57
174
225
3
361
254
278
96
117
366
371
179
86
224
14
226
312
397
356
44
11
385
391
15
189
128
386
29
32
282
63
86
95
368
182
389
356
176
70
396
31
9
0
235
198
381
367
252
174
16
26
339
79
37
19
387
183
63
37
170
120
336
145
94
51
166
120
259
152
263
1
230
203
263
365
288
234
361
202
60
231
71
342
240
182
56
185
319
130
227
398
103
87
394
120
373
254
174
190
28
67
173
283
185
34
125
204
156
320
144
38
108
395
164
226
176
6
230
236
318
184
321
264
14
43
215
194
258
336
295
122
262
378
162
295
31
342
310
267
199
220
17
62
119
355
185
87
36
51
133
54
230
18
338
50
310
121
166
1
29
109
272
90
344
84
130
214
97
305
186
283
378
101
25
369
368
13
329
54
104
147
196
366
61
29
145
91
188
108
275
161
144
32
66
181
163
14
136
126
126
4
87
34
39
43
193
222
4
120
215
53
231
43
90
14
271
70
359
195
376
142
159
312
356
291
260
269
215
262
164
105
371
328
126
206
33
249
34
236
107
169
354
150
348
116
125
166
373
159
132
307
30
380
225
66
141
331
63
100
259
74
367
207
346
116
137
313
110
303
326
238
399
121
367
309
271
276
176
48
343
210
294
128
41
30
285
55
197
61
129
211
129
3
357
286
163
302
45
75
90
333
393
375
34
215
235
392
290
200
24
310
233
365
221
120
280
126
186
339
110
49
289
229
316
289
358
318
7
323
291
32
106
39
88
152
34
89
158
81
124
13
146
44
138
67
132
67
183
90
46
93
48
115
158
157
188
50
143
205
330
42
211
149
49
234
393
71
59
203
176
158
371
47
246
281
274
44
134
27
250
42
211
373
181
157
350
170
383
162
195
124
373
270
117
35
165
104
75
334
358
120
386
352
168
364
137
292
215
119
117
148
88
265
43
260
91
73
329
150
4
92
361
201
116
7
225
198
344
60
33
169
298
396
311
343
359
114
109
388
151
174
78
164
336
191
316
17
42
119
58
364
214
73
191
130
320
106
290
276
161
114
195
379
24
18
136
364
84
355
329
196
14
284
2
124
248
56
255
55
188
73
127
145
24
312
238
167
393
167
327
123
193
387
88
142
190
195
274
162
148
79
163
139
51
101
248
319
144
43
52
132
134
176
31
38
314
242
199
91
388
312
162
104
268
189
134
173
47
242
150
34
226
302
9
118
204
230
383
48
55
44
42
146
65
255
395
336
41
69
185
269
395
347
169
74
68
53
69
123
98
62
124
269
265
157
208
6
59
37
15
262
81
379
124
6
142
77
88
142
292
342
3
233
49
79
320
357
111
396
131
32
249
202
210
328
206
351
109
36
185
75
104
131
128
158
372
13
198
299
172
226
242
82
142
183
20
246
371
246
149
290
18
388
263
146
151
222
23
82
87
37
15
24
263
198
222
211
348
77
299
346
38
64
140
181
82
11
200
292
0
186
180
10
187
347
339
237
29
34
298
188
116
149
40
47
309
22
122
18
164
26
42
140
174
300
358
137
38
143
344
262
196
253
215
365
271
123
149
389
125
389
125
282
239
237
61
106
343
194
314
103
72
96
90
53
226
159
369
169
105
271
396
130
329
41
157
343
324
128
31
152
184
169
39
178
103
352
194
58
156
30
101
205
41
164
246
29
70
100
215
255
191
154
235
45
16
195
60
356
196
22
27
319
100
286
96
27
320
311
65
3
258
112
47
87
35
46
135
193
15
368
272
280
328
74
0
34
257
12
174
183
116
163
172
388
4
351
153
339
65
157
320
158
86
335
232
122
12
350
30
384
127
331
385
36
125
94
43
287
12
133
9
42
171
67
44
12
174
342
24
304
19
325
219
73
64
105
326
33
130
271
180
114
377
199
102
149
377
362
69
32
333
102
124
0
180
312
399
65
262
148
27
137
107
58
110
120
254
11
150
177
54
294
208
52
286
130
83
384
132
209
134
148
189
391
212
344
364
132
89
320
78
242
360
163
25
49
58
67
134
250
110
146
193
275
358
354
20
246
286
78
392
244
325
85
78
63
185
65
327
152
85
128
117
271
397
292
321
256
229
45
156
46
319
135
200
89
290
273
186
54
331
210
44
132
55
95
118
361
324
129
19
248
187
391
178
104
298
55
190
16
135
128
68
318
99
306
372
281
242
80
32
398
150
30
194
226
181
61
323
76
311
73
327
249
393
167
128
398
174
51
147
85
6
5
79
239
65
3
286
3
127
125
104
41
96
247
363
389
357
336
135
284
190
236
11
101
285
359
13
38
46
232
337
197
124
124
307
360
100
69
323
314
88
17
151
25
191
204
327
8
45
344
299
91
165
123
358
110
317
230
218
76
45
145
69
30
135
2
157
388
120
122
81
138
344
0
315
60
85
52
215
346
187
136
115
100
365
266
316
63
217
245
163
4
193
207
398
53
147
24
38
8
85
109
89
118
109
251
25
304
280
53
224
272
292
305
197
24
279
268
108
233
63
115
316
30
172
108
245
20
47
37
227
168
271
86
147
11
202
27
21
78
49
70
153
71
82
374
372
245
87
184
86
352
304
97
160
339
119
159
307
216
11
230
120
34
194
160
321
131
136
396
33
60
211
175
323
355
280
53
46
397
25
134
261
17
320
5
56
48
55
118
138
157
209
153
275
124
116
260
99
109
80
316
138
67
104
58
49
230
183
181
97
252
288
226
290
156
96
42
25
47
29
343
25
69
34
230
129
55
126
379
70
202
262
149
109
3
175
36
86
143
85
147
25
77
392
191
109
12
295
321
100
333
213
121
393
229
85
188
250
157
282
105
155
320
195
278
13
260
340
69
203
128
159
200
138
267
83
279
100
386
47
370
156
141
23
36
36
125
94
207
89
379
396
170
56
317
42
168
127
90
185
350
177
265
127
184
357
238
231
216
80
316
304
30
179
10
270
64
212
347
313
390
380
354
110
91
234
112
67
319
211
83
276
313
259
26
276
343
169
164
295
398
195
66
249
45
112
195
136
108
272
138
212
252
3
220
224
249
352
85
51
8
112
86
376
392
348
163
120
70
269
296
64
324
281
20
71
12
132
90
137
194
70
348
49
326
84
262
73
336
57
59
25
165
181
327
222
252
82
60
397
97
254
346
393
18
235
181
395
303
50
236
47
289
333
188
373
315
4
106
108
162
124
148
325
189
299
293
199
119
195
359
231
139
346
187
256
102
328
14
288
52
6
70
237
121
151
63
202
366
9
227
378
354
235
316
15
84
260
77
50
149
78
90
106
39
6
355
308
275
64
113
229
145
142
229
86
319
73
319
108
163
72
91
9
304
336
31
90
229
199
296
199
120
308
5
94
50
16
174
110
178
221
194
217
80
318
238
226
214
75
267
118
233
88
361
249
13
204
135
39
115
229
243
293
247
315
182
288
341
333
67
301
376
179
169
195
147
380
101
324
144
345
29
284
284
27
343
110
117
94
78
5
136
103
116
341
147
90
133
273
126
106
252
140
166
92
14
287
135
106
196
377
78
303
33
279
105
13
176
189
142
344
249
105
164
219
4
195
212
193
146
111
265
52
141
38
171
54
104
84
241
374
332
192
354
363
209
137
3
32
371
206
282
11
392
52
1
397
46
9
260
92
95
395
386
126
364
21
100
286
210
189
55
149
196
304
183
327
331
100
79
322
179
279
39
207
243
392
324
159
199
6
170
331
290
97
145
185
229
217
46
279
250
44
147
60
58
179
299
378
6
392
31
342
289
76
250
286
279
0
159
95
141
253
49
73
179
25
177
187
190
112
290
390
261
331
11
128
117
138
274
131
166
235
147
213
396
242
390
127
190
280
79
107
16
207
243
226
214
45
134
153
385
3
363
125
394
260
163
171
139
66
44
319
149
233
84
173
237
66
82
128
11
16
10
234
192
144
81
208
126
120
257
111
146
137
122
119
157
211
137
197
334
236
178
122
178
190
299
396
201
11
357
344
135
175
255
44
108
189
16
294
381
62
37
285
26
10
262
352
15
18
20
142
114
264
171
172
213
238
145
332
181
285
88
215
15
64
145
118
339
47
131
59
392
392
94
315
170
222
142
395
58
10
55
122
328
120
133
178
37
95
146
175
113
132
59
195
177
193
347
195
64
281
311
381
43
396
11
215
352
319
331
24
57
398
183
250
239
277
124
125
159
269
76
167
115
135
34
106
342
381
125
381
303
128
169
53
56
137
199
249
147
62
84
213
112
352
12
58
111
247
344
301
76
46
255
186
16
138
18
132
261
181
1
55
323
92
121
201
303
151
284
116
154
252
350
233
381
265
310
164
218
186
82
111
262
338
337
74
128
233
99
176
29
120
357
284
35
94
343
260
307
304
157
190
295
61
242
21
17
235
193
77
169
96
398
49
138
231
340
170
122
180
282
364
378
121
27
69
51
335
134
242
120
131
17
119
395
340
93
176
192
331
170
73
289
25
370
288
332
108
44
223
368
294
273
148
175
198
145
101
138
121
74
122
326
242
291
167
317
329
81
217
206
74
304
215
299
24
259
195
95
110
142
30
269
221
279
84
327
253
175
320
245
239
86
242
167
146
276
314
29
337
314
67
253
160
187
209
99
225
4
208
138
211
124
209
142
229
98
34
42
159
305
186
351
39
90
248
16
398
377
222
127
368
251
80
49
322
374
191
27
87
335
340
219
375
143
181
53
85
152
93
67
371
228
108
163
23
25
135
171
72
109
138
17
8
57
366
247
295
152
57
6
247
15
77
127
249
78
361
193
158
146
340
32
324
295
118
142
255
285
93
300
338
303
215
204
285
270
15
359
77
16
35
355
272
262
83
99
36
279
14
298
321
322
49
119
47
309
6
123
144
367
102
359
230
109
95
47
73
133
67
247
374
40
248
379
17
330
78
45
325
197
53
123
100
127
56
153
122
275
9
132
141
329
389
234
34
383
309
141
79
314
157
298
4
35
51
22
394
139
137
50
319
342
313
213
143
228
247
306
22
168
93
91
32
196
106
154
14
139
197
102
178
199
59
105
153
94
192
109
388
261
164
176
72
377
351
266
2
113
359
160
355
103
147
46
68
113
109
152
185
263
45
70
42
255
103
256
179
185
338
230
336
50
169
397
212
266
21
144
174
57
27
338
267
7
104
17
80
219
240
362
392
238
2
11
334
366
4
45
133
235
83
230
103
226
108
151
350
190
378
53
388
211
15
156
156
15
148
114
116
18
286
339
232
199
397
166
34
120
135
399
146
280
113
19
53
195
184
191
36
80
322
351
58
335
112
344
34
255
347
356
77
121
399
154
120
96
365
185
75
19
327
329
10
165
57
25
67
84
361
8
7
23
105
189
187
1
182
18
296
42
22
180
8
92
317
121
303
132
328
198
367
327
354
288
132
296
39
58
285
341
298
46
29
56
325
184
358
299
297
136
100
7
146
97
97
159
221
217
17
364
145
209
392
168
129
108
378
319
230
148
9
74
85
347
235
375
193
350
152
154
192
233
234
77
375
136
397
129
260
149
136
357
133
2
262
98
66
143
76
150
155
9
53
140
178
181
40
339
74
187
279
217
25
241
200
123
283
360
92
76
392
364
298
341
167
150
248
55
276
301
15
149
234
278
366
247
365
226
280
27
298
132
312
9
164
172
356
66
97
99
35
278
139
342
15
270
13
291
161
324
381
29
389
45
122
143
238
358
90
216
368
146
112
396
122
42
302
90
185
71
323
164
310
41
133
183
120
155
282
215
15
265
286
227
260
378
383
347
383
239
323
150
276
391
201
9
116
139
374
235
153
231
33
40
136
163
106
176
397
232
184
212
213
32
347
319
380
237
178
15
397
39
82
61
40
355
21
162
302
227
195
134
328
373
282
121
59
128
344
33
109
19
293
73
2
178
226
296
167
285
266
25
117
21
281
287
211
209
376
340
85
20
331
6
171
15
305
333
334
365
59
84
133
159
59
174
298
334
229
166
305
46
166
169
288
115
225
305
167
331
72
92
83
158
216
325
112
71
31
247
128
265
113
211
256
301
52
112
203
23
138
136
250
150
221
239
128
33
364
347
164
123
107
208
329
172
340
13
289
195
96
247
145
322
129
89
316
48
196
186
139
268
6
261
7
53
132
37
234
64
171
349
292
183
179
257
133
312
167
109
60
126
61
371
355
97
246
59
298
315
117
340
121
127
150
121
132
76
32
153
235
251
118
353
325
352
142
210
360
395
12
124
138
347
306
35
295
93
107
194
205
292
152
133
268
82
116
218
315
10
398
306
99
190
40
60
145
240
254
138
286
167
39
57
25
27
378
40
16
110
0
363
199
398
283
60
248
120
94
325
106
104
276
160
23
164
261
238
115
2
152
145
142
58
399
65
45
316
218
249
214
63
59
130
356
318
376
135
125
166
287
206
341
399
41
162
252
309
215
335
341
6
194
146
97
328
120
31
99
389
141
48
301
50
286
172
238
118
80
212
111
355
206
1
33
48
26
238
129
127
2
196
201
228
168
118
91
343
4
299
252
323
121
2
128
37
101
118
198
90
377
348
53
59
128
159
215
47
386
109
384
198
109
208
183
44
154
351
163
65
347
170
111
326
17
315
322
113
26
330
89
