38641
37933
19444
31439
32168
14312
38954
13002
6842
26121
11674
9196
19712
25366
27250
6972
5592
28375
5932
11803
21650
12500
31319
23413
32718
3163
14487
5876
13511
8365
34672
29298
12549
13784
38184
35531
31391
12215
20736
16650
14368
24319
13119
35987
31723
32862
32784
36327
10068
4046
24439
5522
1781
2286
10429
626
23687
5768
10486
9528
33755
3441
6951
33361
12179
409
14470
2083
35082
5863
25928
5749
5056
16530
786
10617
37377
23653
18616
11359
22288
28926
26958
4894
2620
8752
20014
4302
32638
29990
22852
16929
34897
9047
6605
1227
37168
23345
8245
31940
