4987
10461
27189
14294
30650
6912
18533
8752
10900
29443
1982
35692
4430
36584
27400
17063
31103
37776
5736
9500
5421
22538
3339
2661
8960
7328
39145
7415
2117
18808
12975
6591
22110
1671
23831
14806
12827
18897
4499
16327
3165
12428
32273
18206
6725
28221
3892
11727
13870
12018
5420
782
20713
6738
3684
18781
27633
39350
28173
15530
17209
7134
19996
29004
8923
2806
18118
17642
5921
11777
27733
12579
25122
11196
34548
31613
1403
15054
22272
8770
35396
4324
13998
29263
8851
3119
10239
1544
8959
13580
12817
16350
19173
12901
38318
29187
30873
32119
7356
1906
27586
17652
9857
29545
19265
16207
21091
16604
2821
5514
22834
11240
38318
18394
34247
23007
7966
7894
11518
20381
13877
8077
12010
11226
561
5237
8785
22899
8519
13763
13289
16604
5674
27543
12445
25011
2594
23405
38207
38268
6864
6531
39020
15175
776
18701
4260
29321
413
12915
9957
190
11896
4907
22368
9444
16664
18702
3963
2948
6253
7072
14713
23464
4591
7022
35602
15633
24576
29919
33781
3010
1587
6660
18903
8196
13865
11128
11291
37810
4298
39758
397
10924
18092
14895
4820
17621
4470
29765
1842
16041
1547
8896
29
32770
15639
30146
39990
24574
6100
14957
4182
6604
14133
36482
13197
11104
10386
1425
18446
30936
13321
17307
15840
32105
18712
39127
3267
26366
24326
19790
24758
15964
31245
2092
6531
11580
35344
3382
30597
13698
6702
8207
10298
15152
25704
27302
24104
9137
21787
963
13773
12242
13725
4088
7317
35091
28980
14601
21869
15825
2153
4031
26409
3779
34317
10068
30915
35805
13196
33495
27005
437
32869
23634
11859
18747
4104
28522
34615
34424
38114
10721
17544
5741
13794
1934
30751
10834
6446
22380
6931
23450
35456
27363
4416
13049
33537
20712
10869
37906
12759
6259
29050
10261
7532
14593
18011
3764
2589
13631
15589
36249
14812
35173
7934
32837
13815
16355
568
5829
29453
15460
6243
39998
18594
14228
10036
39631
12008
4531
3746
3203
7885
7007
16517
4063
20315
10884
16604
25269
7984
26383
10390
14169
31007
13876
501
1115
32145
11926
27058
12614
36386
8691
1011
28148
9673
35119
15921
18000
9778
340
20723
13558
19909
22216
33587
34778
27469
35650
27670
25049
16830
23006
35847
6186
18093
3486
31899
29757
33106
36364
12120
4260
16617
29382
778
27605
33985
25926
16989
35266
21089
9990
8567
7475
25135
27092
3265
6842
2808
552
8795
20659
27062
13817
4468
1985
19861
14690
6542
26371
1001
12672
39450
19540
24133
1984
15953
17000
14108
39782
16606
19845
7139
28937
37950
26335
10425
20831
9887
17840
31281
10784
8512
21191
34236
17100
24273
7416
20080
2683
32339
1716
4551
14626
14886
2070
26678
1534
26228
39042
98
9938
7180
12947
28642
7846
3591
16320
3148
25668
32454
1990
2334
17047
31865
21075
25522
17822
5399
2995
9712
27358
16978
17923
2063
2083
13089
10629
900
10730
826
2808
6260
32326
19804
18578
53
5815
35828
16687
2295
16274
12798
27102
18814
18129
11087
35736
4907
37397
9619
37178
28079
24054
33918
3004
3394
39933
22807
4744
35457
803
11914
12553
18143
16276
33133
33091
28332
8922
3775
613
10522
8666
11645
26830
2708
10695
14023
18109
34941
15337
22814
39061
7690
7938
10072
28906
5914
37158
10547
33731
25044
333
18618
13096
5699
4559
435
16129
6280
5335
3146
35252
33934
1428
12402
1549
35235
32159
18220
980
23995
1864
30939
23225
10978
3967
36530
39526
20637
11557
21482
16834
15632
18257
33158
18869
27020
31854
15454
20600
37776
38329
14003
20032
28364
17020
9064
27735
6979
8765
39782
33350
25557
12704
6363
8517
25334
35260
31880
472
5437
4116
9211
38892
29457
22563
39923
31189
18982
21223
37315
17272
9962
33075
9500
14881
3834
11281
13294
11416
13404
37201
27590
25670
19325
34264
6805
15867
9849
19835
30200
9116
9378
13636
33122
35866
29439
33185
8398
939
16507
2467
29175
610
16055
18694
26050
15854
2898
17702
38595
6136
17169
17506
21573
7048
17254
19837
36501
6469
14509
14582
36770
35575
18267
18731
27717
13669
9225
4030
7822
13163
3939
9638
587
34859
20682
37798
17280
13857
2823
160
16234
5315
24748
37522
11661
18627
2674
32025
28244
16320
23501
16806
1029
5898
33782
26297
11641
25524
31114
24729
834
11694
6354
35007
6803
1872
6898
30623
38985
21956
35120
16393
26946
1073
18685
4658
22200
12538
38882
13812
11406
349
27582
38963
10986
7265
28013
996
3210
13682
30504
22219
17831
12823
39393
15879
11701
38618
11473
3662
15861
8277
25471
10513
17924
28074
10721
689
23332
13316
1368
4309
33125
6879
18717
9859
34002
9804
29935
23308
33411
13797
8332
15013
26844
9098
21730
31187
21009
12462
13834
25645
26327
25749
35618
17200
28514
31883
16926
30949
39271
91
542
8690
20481
12635
36738
1757
9173
15901
926
19966
22607
1624
19576
37405
8194
38868
3381
19707
39018
6002
206
26468
37597
20241
4334
10845
33905
14544
38361
11449
25620
6588
8495
38689
3233
10796
18938
7422
36777
22483
14166
4574
11742
35192
16498
16209
12975
24520
24997
8431
34764
33645
37454
27338
24460
16024
21671
4006
24945
15882
32444
31704
2019
27216
2294
27805
17246
26480
21574
13526
16651
7485
21395
16575
11754
23395
16139
10088
35799
21780
36795
491
32089
5298
4697
30985
26036
15425
36369
26548
28422
5980
15953
8911
13956
17848
31356
14642
5973
6210
7255
16394
22259
37815
24196
28359
14716
27270
13870
33479
28747
27496
5022
14631
37128
2935
26741
38523
2271
13443
16592
12138
354
29937
5201
5368
30776
15594
8186
7085
28155
14251
8797
20220
15274
4362
20399
32013
10858
21659
13941
36698
38580
38438
5424
11889
14264
36348
18881
13648
10176
36543
3403
31084
19579
39766
7958
2411
35673
37349
28504
39648
15878
18798
11490
11932
25826
7512
19162
25867
31981
12874
7072
18123
17212
20169
12052
18281
14456
2431
26628
17214
15724
33644
26058
20008
6358
5584
39078
3745
33056
5145
8168
18826
36695
17043
10268
18890
26698
33684
30957
2983
37667
21728
12134
26576
31792
5509
10005
24817
12631
33306
20620
2240
12024
6096
3977
21090
22760
10068
12293
8486
10848
19597
17758
37617
9586
13722
10938
8542
8385
31795
7705
39563
7825
34694
15006
10650
5064
13965
15375
17321
15795
12828
20351
11559
20696
28489
15103
29375
24961
27781
11252
35724
32519
13661
35354
38309
31096
9546
18335
13302
37409
32476
287
31003
21299
18700
37269
6549
26046
2042
7863
38374
7511
16264
30621
35768
15467
11188
25190
27509
11217
1874
35420
3217
28603
9232
10736
9292
29822
4032
5492
37653
13283
31270
23813
19981
18862
18656
12019
36518
23864
679
15744
20121
9530
14669
29845
31041
17404
5085
17080
10328
2766
25816
5880
25173
34337
38655
26160
25279
24752
31361
39614
27354
15120
6022
36067
20570
2076
7681
10339
17594
30212
16817
13710
701
38373
4922
13084
9805
5102
7094
10105
17884
35424
1686
1127
6570
14531
14704
13097
31449
18995
11948
8760
11795
14264
8045
17940
831
7928
1254
8968
15149
19093
8295
19277
35157
34359
8073
5665
11356
12147
13921
27505
8792
19031
8457
27228
26677
12809
3895
18839
9073
13273
16780
15641
17333
6152
34952
23299
8390
12478
36929
10276
22749
27554
13966
38000
24251
9059
17333
6378
20709
17790
7672
15606
31999
16194
10741
4288
8049
13528
14535
34553
3531
7165
9908
34972
24492
17166
17158
11473
9087
247
9451
1491
1818
13734
25716
39725
23540
13880
27960
15684
12214
4926
25783
3802
35868
15533
29699
11815
1251
18859
16925
6187
32675
22847
30024
38583
13968
12757
17768
8545
8383
34664
25704
29290
39050
15227
24666
12213
19601
11695
5724
17434
11946
4589
36426
9581
39075
25765
17880
24964
2747
20378
16468
5204
16250
10870
22964
7805
16262
13736
26672
10429
1011
23161
31410
6100
28839
6367
2176
3734
7668
25811
33523
6399
26263
12952
18429
6150
26891
16769
8077
31699
39454
19510
4716
2272
11629
29527
39134
13104
16765
24584
3961
37136
14557
36703
11473
7840
28223
21094
19877
8267
9183
18975
5358
6944
8441
7718
29319
33418
27722
18460
32645
9116
21746
11514
4108
1925
38027
7248
31105
4557
26797
5901
25661
12283
14574
15259
21570
1427
2337
4789
13998
39322
10814
33981
3011
38369
30788
17705
39453
18036
16870
495
3356
5633
13277
9038
5031
5069
30648
3886
26969
17647
12180
15168
37018
25818
9123
7819
10443
35690
11901
31872
10669
32603
10405
33010
14566
7605
34848
35718
4094
1359
1243
16136
17768
15653
38477
26842
24047
10738
3049
12650
17515
28207
9890
20361
27449
7443
510
29653
3489
4221
28407
19139
2547
32790
19363
21056
18172
18875
37984
18163
23983
35251
34471
11831
25749
4156
1064
10247
31469
6096
34968
17345
25548
3970
5807
11081
37845
29869
17455
39163
13267
7370
36586
31348
35880
15693
17917
38501
2275
23000
12333
30287
4608
31912
15505
12860
7027
9280
38984
37528
17432
36464
26807
39541
12893
16881
7627
10997
18228
27272
18342
34444
10596
39188
7768
4162
12683
5882
38019
11250
7200
14155
31640
4148
18818
31695
19114
38232
14644
13877
17856
18401
2341
28229
262
6708
11123
21086
1006
13890
26689
569
11720
4115
31762
2495
7688
19710
24971
24249
941
16196
18195
3156
12943
34351
22360
11931
23476
5039
24352
16398
5427
3663
20344
39020
6419
1460
12177
28615
15398
17976
2791
26963
25472
4137
4191
5666
6763
14121
20757
2614
13676
25542
20513
19844
27115
37344
10709
16379
6572
19300
35249
6440
39830
11435
15217
15032
24130
25302
34236
26377
11298
19364
20081
3017
18004
34577
32762
33410
704
2718
31539
17521
5116
16938
19654
30923
12345
293
986
38832
34850
3139
31797
14889
23116
37540
13145
11462
15481
4892
13178
613
16949
17095
38165
28266
38437
16272
78
16846
19858
31119
10381
14545
30410
7572
30988
4722
28541
12445
16520
29093
2922
26732
13891
34631
23317
30986
33232
6103
13404
16410
37462
5697
18088
4782
4390
10589
22858
33374
20715
2597
8859
9123
29861
6220
22325
279
31950
25359
27207
13195
13292
596
12740
15359
2800
17551
19416
39487
2332
5673
4478
20787
21725
13607
38862
9826
4679
25643
12085
7476
14383
35546
9263
12973
26531
13122
12456
24
30842
38771
2923
33659
4982
17510
17148
19672
2796
10103
1487
5999
11931
1413
16573
5569
13231
10356
16670
4187
12131
18822
522
3611
19430
2445
5945
33644
24401
19458
27900
37599
31802
37474
495
11378
24500
13286
7773
14922
28514
32746
7006
19330
27372
3817
22687
28896
16949
7380
26221
29681
33300
33178
13542
9724
27293
11813
25112
13973
39629
19933
8605
26859
39723
3087
24668
15957
23312
4667
19975
9554
3852
6558
25412
34618
38304
7997
17468
16669
22148
14443
17488
36357
14361
6003
15685
5396
22859
3852
18981
9068
38707
32707
8288
28324
36066
13056
22380
8543
33191
11648
6646
34090
1472
25097
16954
39434
34443
20806
10370
21749
17290
26013
28307
21012
6037
34605
1053
1654
1024
35695
19119
16216
31669
24945
31839
9278
6047
34766
16345
127
4976
14053
1228
24214
39970
8123
39573
24201
23736
21461
24481
38281
6905
8564
23362
10014
20186
12206
35119
9112
18084
38959
10615
31841
3512
17145
860
19176
13486
12521
23011
2474
26797
18463
34592
11590
3140
10567
18115
28729
17797
18529
24922
24142
31195
10082
32968
1847
5714
25350
16661
11209
819
15940
6212
7594
15309
12890
15970
35917
11380
39036
2576
28733
23519
28583
3176
13160
27575
15855
16646
34384
30174
36657
24790
5307
17879
25388
34151
25938
17979
12164
3942
22725
3993
7261
20380
7213
12232
34067
5421
13118
12256
24174
3050
8147
25225
7245
34501
21562
25748
33978
33553
34351
12972
18858
31304
7637
15084
16825
23117
37197
37969
7940
39718
16845
6531
16887
2349
39592
5274
15884
1344
1725
16558
12229
33964
31879
24283
13540
22143
33766
26595
12225
4051
17965
20630
27834
1854
6711
23811
10325
23566
7436
22406
13635
9619
13209
27610
27550
32450
18618
15994
26108
8901
3900
2984
39524
7179
31630
27399
7377
7666
38411
33678
5708
24992
17852
13125
12858
24171
27890
29610
16054
17766
25441
2749
27346
1498
20548
16843
27393
9107
28017
12833
29369
9705
19269
11227
19325
8524
21421
18295
31387
8278
29797
12170
10465
13980
10678
21870
2533
20677
30352
20004
21129
6330
14939
20035
16080
30987
38781
6254
7660
21052
11397
7237
13576
36694
9945
3382
13287
36628
13508
12207
5708
5427
12571
16583
21958
4645
8346
32089
2765
18324
8290
9536
20436
5945
9502
18641
25817
31754
24504
36141
9181
9093
11891
22214
10897
28762
4801
31036
31564
7141
35730
6949
25570
4899
2758
3804
25559
3057
29957
17317
18356
32209
22763
34513
53
9324
30402
11403
35283
3863
22291
39954
10450
9120
9134
17884
26919
39472
31308
26610
2205
3482
22060
39370
27522
19986
12434
18678
27556
39035
25722
38092
14454
3192
11762
39952
30176
19637
12143
22272
29585
32203
27017
36483
4484
24960
14701
37463
35277
8989
26052
8734
15827
23073
3343
15502
7827
10533
36936
20810
17770
37798
12159
39688
11990
21355
2561
26524
37975
5414
1427
12859
34577
37131
10751
27116
12583
39936
10423
15863
8026
36351
10618
19832
16338
15301
32540
31882
3569
21012
6012
6132
27550
13846
27614
18148
13236
16755
34258
12995
8856
4554
26827
22566
11142
3690
38997
23510
25853
6558
33528
3931
16511
34656
5334
17537
33078
27234
11415
29511
17247
13963
14052
1676
2725
11356
35682
2387
25463
34061
30140
33222
34955
7617
12889
14534
35922
16653
21238
14613
38988
13464
15809
26078
8526
26565
14711
26300
20734
14621
33644
28759
1261
21098
2440
7968
10552
35354
26785
2483
28041
25202
13997
5420
15725
908
23102
17005
7209
18665
6426
6454
7534
10547
16267
30727
36846
19218
24314
31392
7622
8813
32744
14451
18277
27576
8381
39540
35228
33766
6170
2219
12359
8958
18679
306
18315
34203
18019
16029
26673
27068
3482
32348
26552
16062
14498
35295
3370
30438
1223
5318
2540
4441
10438
4372
2355
22833
8008
34948
5846
17355
34831
36695
4191
16773
14358
16448
12682
17165
7173
37221
1104
1176
3125
14520
19690
31733
30745
3725
29906
8280
39950
27818
11806
7928
5868
37370
11995
7390
33806
11354
5838
31573
1543
26089
847
14046
22448
25378
13277
604
7191
21960
36841
9840
33581
26728
31400
29047
21701
35470
17974
24467
5183
3592
24713
37420
7946
32057
37470
22413
10914
5325
6399
25838
9781
7493
13792
5385
15608
38280
12214
13279
6428
15499
22899
33586
21577
12176
19670
24192
32824
22828
19244
23636
786
14466
17664
874
32059
30072
15520
19418
14682
32236
6609
26977
22625
35754
34071
29778
6867
161
20365
17760
10511
16192
28309
32858
14476
28327
4008
28126
8425
33683
701
16657
38196
946
7598
36386
19147
6483
16070
5940
9134
11644
32036
13752
28652
5304
18147
4772
30298
20193
21615
26505
17697
6197
27613
21634
5993
2111
18335
7615
15228
4226
1050
31292
9830
35175
23470
24651
11847
33644
5464
27567
32462
1063
12076
33054
12652
24203
15786
5153
31021
39665
24034
10733
34052
18858
38943
18948
6361
31002
13460
7784
5761
12851
24585
12224
12062
18553
37367
19169
9721
620
12389
17089
5999
20425
39956
33867
17042
9059
23193
15608
9377
12735
25914
25640
11669
33194
17496
280
24132
6534
8756
10714
26892
28187
33879
603
8662
11282
22104
16290
28507
4958
8382
27411
24154
4924
32559
3110
39128
25239
1947
13795
23168
28619
24919
3585
11412
5645
34575
29512
6671
10862
11074
25719
5064
35732
1646
1252
6328
4810
12017
39042
3171
31307
32812
36791
35230
11075
12318
284
24142
24976
16700
28991
21334
13145
1362
34440
5830
6010
7022
12333
2578
17655
8257
7801
11298
13987
4688
1649
3813
37977
4551
32547
8960
17940
20566
5322
14101
14405
9294
9341
34905
17463
8211
17344
16226
18518
2459
21328
9469
7277
4214
8893
22762
23410
10003
10623
6299
33992
39942
32313
8614
5783
14830
30447
14538
7556
11018
2121
1354
19796
6960
22029
7906
1057
23477
2117
24909
4423
33947
33017
14233
5956
18026
2231
26201
7495
2910
21899
34798
9187
16316
18803
29333
244
35166
23480
25544
30009
2413
12041
32251
20682
5453
22100
2891
3390
27107
19999
32853
38062
6525
22381
8558
10325
38327
36800
6436
6729
19532
629
15986
36998
9383
21640
35482
22292
3737
30271
19072
11012
5305
34372
18579
3040
13791
26282
34382
7264
12963
30435
1070
12895
12924
13995
7568
29337
5750
8220
1976
22260
26699
25823
9619
25945
14594
27934
39294
1270
21097
14182
17728
29811
27178
19288
2882
3826
37164
38791
6724
12285
8065
19123
26595
36737
5379
14466
16345
1864
18905
23218
21452
1922
25422
7925
16193
19635
15904
21307
34024
6923
10396
5799
3553
21114
4869
6931
22263
2321
943
26427
12148
34564
6810
20042
34055
10932
22066
635
1306
11874
33770
36563
20400
10612
14690
13672
5137
29501
1788
31230
18359
22976
21923
33505
10389
15030
30637
32309
22696
17630
16983
14494
22595
17061
13921
14631
13687
23753
12428
12299
43
32052
19626
29344
3711
8513
3855
36471
25051
30858
20660
27604
39635
32011
3998
2018
32441
19423
9414
16228
18699
31569
22662
13564
22704
10463
3909
22725
9813
7867
26559
9840
16265
32980
27971
24205
16724
15344
37601
21729
16564
108
19180
7408
35983
21913
55
7352
1996
29831
13232
23134
12350
2827
38811
30467
14885
38233
2263
19237
15391
27231
25234
18748
17839
11834
19473
15387
9981
39805
15891
25756
14527
31981
2256
38044
6701
13305
15197
21288
18066
12890
22475
13393
32495
20526
33046
7220
22846
17284
27412
5567
23133
2516
10934
24014
25
20627
33451
18307
32906
1217
26373
29996
22504
17808
8005
13244
8352
15654
28670
2858
37386
29616
30746
35022
10037
12010
15552
7821
2040
37428
33559
7155
24957
25056
35354
647
35680
11968
27691
73
35375
29027
14254
18374
4776
15782
18867
3227
21414
27923
13606
12751
16612
36706
9675
38359
11872
23162
3328
11659
23011
14646
5710
27537
6950
31100
16013
18039
17019
30677
12939
14144
37665
4340
7826
7214
15483
8751
13682
22634
10679
29283
10999
5694
37009
5898
5929
28563
34697
17099
24328
20841
6912
9154
12071
10147
6291
31980
24190
9502
10976
16086
31778
14360
8265
20763
4108
34641
34060
31737
6297
31236
7867
13573
29940
18588
24393
18297
34274
28403
13849
34805
24414
37978
8218
8
25747
499
11986
35972
29791
26049
11640
25237
4168
27081
17221
5657
8825
30601
413
5915
11305
7915
7156
16980
9093
11693
20967
29837
19110
36627
8967
30766
4168
38931
25260
37516
5667
12704
25419
31330
2792
8489
35181
26348
7598
2835
12919
36219
5904
26137
15804
14722
6668
1938
3991
5050
15026
367
12670
11333
30211
36278
1991
39542
21486
7071
29221
9431
26111
8355
15807
29279
16506
4913
584
3247
7308
15974
22422
3330
15458
14365
36467
15575
10110
1641
1890
9860
1076
35352
16571
4254
15781
25988
18660
28478
7634
2086
11569
7561
16648
9931
15905
17005
34030
18596
22222
684
27028
11496
20670
7736
4851
34208
5907
20717
29622
20956
17818
28584
15175
11032
7875
32652
38761
38435
28963
19354
34633
3391
4548
32136
26436
34581
2778
30469
18149
4470
22065
8102
5749
5577
38611
23141
6165
8754
12576
312
7406
10358
32854
9831
14917
9459
37557
31086
35620
26459
6458
29122
3597
33449
3456
4906
6204
22326
27378
39759
15016
28612
4741
4818
34757
9605
33531
10052
25770
19460
29269
9393
670
7777
24569
5279
18015
24589
29805
13397
1468
17976
17437
24723
1133
22837
1715
17360
19543
15598
5915
8093
16407
30657
22656
17259
30431
27810
8388
31395
7146
4972
32841
73
3766
2809
4055
993
18730
27550
7821
27677
7
5311
12117
672
10835
13752
4199
19151
1169
2149
13840
35651
18516
25689
12757
28851
6462
31267
38662
33603
6779
1544
1373
8836
11352
36830
18111
5026
16406
29347
2013
2646
7763
4939
9572
14338
34752
31801
4781
25731
39872
27818
29994
12981
3684
23444
34489
24104
31964
31805
25251
7515
1855
33448
17326
1146
10730
7572
25987
1108
34491
16753
7315
15183
12632
13874
16409
5632
26198
11758
25690
33188
12806
2189
5099
1543
5205
24615
1630
2314
20154
2233
11308
8060
15345
31244
38669
8553
9717
30728
27363
7566
33332
10051
14520
2992
17827
24131
39702
33245
11128
2711
28358
10405
960
5464
20649
38819
8869
24227
15656
26480
15009
25340
25209
23849
36368
5190
6457
30103
1720
30358
13093
18631
26878
11528
1149
5248
6366
1490
24178
10193
11487
7558
25656
33514
23055
3711
10435
10411
38089
17657
26203
19317
2114
20627
8973
26774
24148
8115
29651
7516
5448
35319
8987
18060
29948
39934
6725
17370
35408
36102
3928
25976
4616
16166
35640
39211
10130
15458
5436
25419
1304
31886
13487
13692
11845
2505
32134
15534
17926
25230
18015
11562
3369
26570
8081
20523
6111
15965
32381
19159
22300
4963
1857
9633
1422
1030
25257
7674
9502
166
4756
11559
33529
9393
7676
23614
25521
11159
14193
12709
9629
38513
32859
7284
15573
29055
36262
20402
1944
33197
19821
36736
13730
11372
15231
2193
7219
31977
28244
5392
4066
34826
39773
20226
6869
36373
26770
16185
16505
15001
6671
3828
21653
34066
29636
7482
3044
27721
20586
16695
24954
24902
17908
2772
11136
25023
11303
33981
10760
39072
39913
16415
3227
4398
860
10983
5917
9021
2835
11814
13692
15059
28614
14374
3537
20278
38802
2074
22450
35200
35346
34112
21467
13356
26151
612
31616
10486
17368
24350
17232
14773
1946
24646
15766
18823
1296
1285
23848
8705
39882
3640
12025
29780
5984
10599
5181
4257
26939
3114
580
21046
3972
28800
21271
23753
33409
17314
11392
9572
5454
4140
18127
35243
16456
36402
17664
556
13946
9287
31982
28521
6315
28165
10107
29467
34725
15495
27223
17756
38352
8893
36640
31009
28940
10326
38002
26958
20509
14933
12008
9837
39597
233
28848
14225
26300
15854
6279
34782
39188
33773
10017
37050
24210
8747
34532
19730
21333
25085
8922
4032
18396
11035
36525
38439
5656
38
10963
27281
34934
7825
34648
9593
20326
555
18300
32386
24318
9696
13117
20171
406
10091
11692
14928
24390
16300
409
39177
6083
17990
36906
25138
25406
36727
16245
8152
20692
27342
5170
17379
12744
24210
25023
21130
27024
7264
36206
35468
19442
2555
22838
28023
15986
966
14808
31
37472
21322
4498
36679
12310
4999
16016
8047
39347
27959
10915
36688
35454
22727
16659
31378
2862
15602
31850
14710
13737
22868
28920
12653
29668
26543
15664
21162
33634
5064
22175
30616
30478
6455
13271
39297
15382
29206
36350
15102
10792
29981
23790
13882
17401
30806
21344
26798
21544
7159
1990
32779
18179
13348
18041
1849
9529
15829
22542
33086
33353
14492
23258
17743
33473
12145
2988
5591
30849
8172
4233
11220
179
24781
1492
4936
19584
35586
2511
30094
32880
14243
5963
12413
21902
37390
23160
500
1334
10572
7621
2887
23257
32436
10122
16517
11587
12293
32521
33429
36286
13001
2495
3745
9001
14130
29437
27104
27087
30394
16544
8107
3483
30941
12538
11233
638
35810
4130
25654
15793
14842
21799
3442
22651
38506
34818
9397
29801
13934
11900
3433
24755
14978
34377
25177
5296
19730
20814
881
25531
36294
16028
20348
18
1197
19994
28549
20614
38623
4337
13102
36000
28436
3399
8489
26533
33379
37318
28636
2790
34547
39971
4433
4127
11753
19658
10155
35468
30451
12783
25606
36318
12574
2166
28138
11297
2199
9928
6732
37042
14232
31382
37196
36733
15088
10239
21838
32859
7213
11600
24742
22521
2349
2686
12154
37986
16480
12795
17141
3539
35251
4722
19646
23065
14205
2837
23810
17684
13113
4602
11141
548
3680
7968
12420
25919
38714
26039
33010
16467
18039
9395
39169
34835
35732
23116
18574
16065
5563
7653
20541
7394
30787
11576
26941
20395
2607
432
5922
26123
12454
19272
27737
33976
3983
11911
30466
28575
38299
6970
34216
31802
36941
7793
15604
27531
33238
36724
15647
31041
2066
38514
35022
17766
37352
8370
32021
14183
35600
9533
17718
20463
16511
10847
9879
12776
8177
272
4891
25573
7427
1653
33270
25969
10772
17557
24833
39700
39965
13813
19818
39117
12638
15311
1644
6069
29609
30036
19316
10547
7341
33929
199
37099
1452
14912
16442
35274
4379
19594
4980
268
9379
3600
13542
29370
4650
2722
29784
12028
2510
3129
3263
19173
34542
22320
24737
5138
18795
497
15130
20435
2606
23972
1003
24843
14814
21971
20016
24058
24818
39865
3811
26563
24580
23573
37741
6764
18063
37816
31527
18622
29003
3235
39418
737
36914
1355
7937
36811
33118
14391
14973
28355
1527
16693
24146
440
15554
4893
31237
36547
24678
7587
1128
8233
22579
350
4839
33246
26560
1470
15236
35935
17409
13717
313
28556
10993
18514
36225
19846
10726
10394
18210
8410
18495
23399
10531
4012
15282
19652
4644
2801
13149
29925
31828
32449
20098
18555
18394
3543
6177
3445
36674
305
8756
26988
5773
9083
14126
1001
29881
11145
16842
10622
5888
8355
10102
1694
27668
8416
8631
20970
30139
16164
26677
2175
27883
35538
30504
3465
38150
15411
16187
11374
2342
16634
4294
32542
17289
8266
26055
15841
11734
21712
810
32682
4327
10146
38060
33424
35470
31816
1022
9757
13912
31702
24058
1920
12732
24329
19073
27298
37011
9335
10520
33482
9408
35708
15762
999
24617
22782
14028
30111
1654
14454
27453
15095
30633
39529
7351
12699
16059
31147
6289
36085
19491
34879
37753
2790
14695
22466
291
16878
19958
13168
14072
9919
10647
31010
17178
15879
15732
20072
22788
25929
13283
14223
1952
733
16140
21814
15338
24208
4637
7475
18297
29781
2899
3980
8575
25114
19881
37906
29004
25066
23736
35553
6876
5706
11464
18396
15825
22941
32745
18911
6101
13254
19911
14032
10491
17344
6071
21826
10862
36792
6663
15421
14655
3873
34623
1887
14978
18417
33349
29519
23032
25397
21534
30874
20467
19006
18520
5463
30096
28503
7917
6054
11617
35239
17479
5878
3326
4351
38869
17472
3380
1868
29862
1823
39682
37725
17659
3370
33794
28777
26148
26233
30973
24560
8786
8684
38129
38935
14678
9706
1371
16667
33193
4667
26910
1693
33439
32935
13880
5443
34326
1140
14296
12936
21851
29593
7580
35191
14879
38612
30564
33001
3826
30290
3394
14896
6541
23320
36560
36426
19912
24841
29
3751
39797
5203
96
15826
3991
13012
16660
33813
39779
1743
27982
28821
34087
25001
16211
12658
27508
39059
726
1706
16492
9739
26265
19568
11678
5434
16062
13949
12370
26288
7395
12190
5890
26549
5561
22682
21848
35493
17549
5762
31121
15144
22755
1898
14134
27038
22462
18623
20540
10350
11443
25737
32326
35336
29390
13819
28909
17444
2065
19778
2579
29704
39964
7763
1324
30687
12194
12582
17145
9060
27501
9897
3633
19793
6453
12326
8363
16233
6050
9066
23268
4039
3323
33873
30163
17170
26830
25236
3671
11148
19253
13249
8749
2902
37449
11454
19037
28982
9899
39021
32549
18487
26920
15888
16933
38673
16974
29198
32514
3065
46
9039
8743
18540
29429
1919
26112
37063
3256
39178
25335
10753
7038
741
14697
26180
16858
21380
20585
38119
23081
10366
10962
26651
21515
38400
23341
3197
36280
16243
38798
6684
28285
10023
15517
13191
7987
15246
30281
17734
17722
13197
19593
13442
7133
23093
18977
30560
20393
12479
9378
5388
8934
19783
13457
13364
29977
2483
22209
5236
38883
37611
5214
51
16908
5353
31887
4033
19635
17021
1887
30463
19909
11432
10887
15982
14566
21351
823
27701
13161
19162
17589
12273
2940
720
39439
11206
9217
11437
25577
39823
4669
33644
39754
11885
5635
1198
3542
24539
6510
23316
14834
27827
26712
35457
12075
12733
37230
18585
13376
18743
20393
27591
15448
17982
34931
6390
8766
32934
3330
3993
24691
31008
12990
33679
32805
16325
10042
8771
5188
7047
2513
12054
25581
39229
13275
25373
5401
32251
36137
1490
21103
1771
15637
1615
14017
21672
9685
25965
31679
33143
5972
20713
37523
22700
10045
31460
25025
18601
5422
11193
7485
8218
1501
16007
2350
12556
25084
13125
20019
10255
2379
6980
29691
28692
9964
32701
35539
12602
27698
9559
29536
22990
19104
5799
28258
17853
6035
16714
24509
10924
8281
33114
35134
1369
9931
3833
2557
5606
17916
6674
16834
11315
30610
15929
21430
10540
17570
1001
10110
18792
886
21857
29876
7008
13935
21445
14163
9706
38257
88
3255
13343
36622
16042
29709
32782
25445
27133
7338
14017
10521
11183
6652
11667
19931
29175
17727
3893
28839
24923
33456
1722
7449
34669
8953
37729
38016
5572
8412
31727
19938
13753
3840
1366
2995
8329
16686
1035
23316
13120
34407
10497
23538
10707
37385
27398
38741
11687
18581
38882
19493
19879
33047
30545
6752
38509
21963
19496
10207
2187
31213
33930
24625
26272
9992
13024
7339
22176
7158
9995
37876
32274
15895
4166
2173
14127
15978
28671
34607
5008
5672
9249
17720
29037
12993
30133
33539
29912
4583
2802
8412
25191
24273
12304
13712
15594
13765
20820
17222
7403
14086
25038
38760
21180
11848
14928
30584
9337
9388
1836
25931
37311
38141
19545
39187
17010
36459
23363
21325
18841
2083
443
32500
7845
4014
14565
20021
24587
8592
2628
10179
37782
13839
20644
5311
6093
20187
15378
15093
36755
11989
10859
17997
7956
27393
16908
11047
38950
11195
33963
512
15501
25202
8771
37662
38674
22142
36473
28777
11119
11425
38692
8657
18971
5799
34186
15249
33274
14631
28727
18937
15089
13417
23546
29539
3018
5115
13200
34201
10904
35244
36281
31161
4567
19627
20011
36302
39248
6311
13292
30854
32893
24951
25090
28758
2107
28486
28599
34709
1718
3888
9560
26572
18577
11335
12890
16283
643
10092
3236
5475
30229
1130
37784
22481
16168
24877
37892
8503
33371
32680
25967
22353
15363
6267
31622
21074
15620
1455
17164
11840
4855
35179
34876
3226
17187
10560
14075
23389
6936
7867
21506
10362
28645
17983
9625
27991
25130
13480
23700
6986
9413
21976
13169
20801
167
5609
31725
30968
9960
14791
38668
30277
12082
16079
39003
38009
34539
8801
9853
1440
8662
24203
31741
20304
21542
20864
2995
11882
15201
26108
2774
37878
25795
4641
36681
1787
24435
13240
25619
1108
39648
30348
5212
19266
10844
18568
10217
18413
13024
2901
14846
2138
29011
2782
21465
31787
16354
17845
2494
11395
13737
8701
15105
18706
24916
26595
14788
32386
4215
27755
3609
18639
32656
14944
23579
21361
28464
15220
37322
22141
3032
38691
2369
10707
31656
28209
3864
13983
7615
19266
34549
17947
13525
32157
3444
39318
17896
5202
4
665
10023
15597
11177
10510
29789
12727
957
3242
16787
36873
1173
34711
12825
11416
11107
2881
7910
16508
19423
19276
4465
11947
26782
11186
7761
29892
10910
29984
31187
2783
32282
8844
25374
18193
336
22104
30526
33966
30351
1455
37471
19490
3242
8461
14492
22438
23714
28390
29692
4797
798
16358
29473
21207
18857
8929
22200
16959
12592
9901
24242
3085
3531
16778
9905
28488
9529
15281
12540
14171
13406
11134
13858
14459
1280
19620
11610
1296
1853
14143
8167
23944
9206
18926
7172
5534
18054
31949
18021
23757
26229
33899
16388
14680
15470
11435
24496
19893
23400
16600
21360
2313
35572
9109
34388
13049
13398
27809
32973
14043
11895
39287
15026
15214
27013
7612
8939
912
2548
26892
25524
12280
39022
19434
14077
5176
26693
39567
13228
8428
26289
21491
2647
11382
2705
10541
36634
6585
26367
5648
2760
5888
16508
5951
6249
11949
25568
35035
4014
5049
15763
25221
39124
13245
28791
24818
8641
3430
13906
17869
8715
39171
26174
24280
37579
1915
38013
36594
15696
11009
33943
38022
19935
39030
15951
29855
4809
6786
33454
4614
18489
13037
11187
33781
820
29550
28696
7537
1646
14708
20916
31634
27109
13585
11898
35454
10296
1815
18037
33774
370
19801
30781
2042
929
12008
13374
31869
22409
958
34463
36633
33937
30621
2785
20527
7
27884
4526
25518
34050
22618
34227
29859
8891
9563
29744
15964
3066
26440
25119
33443
9543
5009
30325
21296
23657
421
21287
17798
419
3684
15417
1273
13215
8217
10707
16242
38716
12423
33344
12795
33045
27846
3957
30726
8479
24512
21154
27204
14864
21221
25315
24715
32356
5716
8545
14001
19890
10861
12664
32418
16121
29695
13239
22687
6347
38031
3926
17984
391
22907
32888
20998
26782
36130
1589
1983
8409
14315
1704
3310
7993
3144
30837
13703
20630
32069
13806
17231
5704
37910
16222
17505
2723
10094
9209
5654
17149
4074
28860
20222
19541
6568
18438
30973
12673
7386
7202
8302
12445
9158
17324
11907
31460
4543
31343
2676
34394
12955
21942
16966
1075
17563
13909
12504
7294
5181
1466
14993
13329
14227
2843
14418
12841
20063
14788
36947
7063
23450
35585
30922
12192
20227
28660
27308
2469
5409
32349
4995
5647
8059
6110
36787
3869
31820
24663
29149
32677
2152
13806
32345
10981
14982
19793
7233
22947
16331
2030
22653
32854
21241
23918
11800
1201
27628
16184
31839
9453
10986
15499
10956
18957
26037
31087
777
16690
28311
14743
6098
9237
7755
19984
17974
15607
3261
4866
13381
21874
37815
29048
25457
32491
32798
30652
39193
36619
8965
39564
37491
39192
8818
19954
828
14806
5821
39403
19162
4083
8473
6528
29617
12829
15046
38574
15799
20968
3356
39989
3399
9030
38145
21513
10957
17513
23461
23261
28003
39603
7547
32361
16970
31359
24791
25567
19184
9635
38263
39414
4503
15459
1391
23956
20374
9028
2645
6723
289
39304
35106
16824
10874
23979
11995
36449
15440
12237
10106
34542
23693
16856
8982
11580
39192
12738
38135
17513
10924
29738
9972
5955
14579
4921
16354
32108
24519
26810
35827
13439
35680
17131
16178
13008
58
7810
23492
11805
30371
34594
84
9196
9759
8281
24861
1374
19930
18536
24939
19422
11762
33134
18353
30132
26410
14095
21897
23193
25812
738
3940
8867
24212
10337
15413
34383
35752
7995
30493
19079
12937
19286
837
10602
25440
28897
23230
17700
11092
2107
19286
19901
27885
33357
11831
34033
36824
15243
15761
15143
12058
33686
16096
9895
36461
1833
17844
36214
14874
18515
23617
34742
5513
28440
22670
5799
38894
5132
6835
5505
12359
26290
30040
695
583
29743
39821
32636
9119
17173
26723
7506
21782
1943
2059
27107
26467
24496
36550
13074
23087
2994
36635
27943
3454
14535
6636
2430
28999
23448
33907
1472
14167
16598
17949
10328
1674
1533
27259
27338
6266
15076
477
29824
18644
24209
6087
14570
5290
9374
12150
9847
9127
18874
21825
3734
1049
26841
32816
16922
3676
17815
6676
22914
36562
33051
4980
2930
29571
33632
36596
26741
13382
20645
12424
31131
29514
23067
9789
22659
17813
19553
1107
30613
10594
4023
29256
10661
27788
5021
39269
3445
4289
30738
11419
21779
4143
22171
143
5529
36365
4800
33147
17184
9195
5550
15843
30912
29645
29193
34788
37885
25994
2006
169
12032
33474
20984
28204
10848
33071
39673
16507
8587
35640
10547
12403
3090
37176
10438
14313
21577
15006
8467
2473
18348
27497
14376
8572
11819
39560
1513
38932
19144
32364
1512
17347
3631
11243
22499
23287
35746
14690
28176
3497
13607
33898
33394
17383
6853
2834
4247
27992
17221
18440
28188
31415
14248
7741
25571
39130
18905
13902
37874
32669
8509
6575
16308
24401
37895
18064
34483
20279
1859
21994
6462
10185
19314
34122
24948
2740
22830
28669
31397
1004
38193
14501
530
11514
10799
39882
3405
37185
8266
5271
36960
26272
6539
24093
23388
39996
4482
11273
32914
39112
19614
31677
16246
6545
29165
11583
14264
17854
38379
36113
7424
2287
37440
7322
7372
38800
22007
33849
1681
24752
24224
12059
23242
10130
3386
9926
12761
6097
30212
2347
14544
39059
18348
20492
19095
22167
8823
9171
9415
4650
20269
15936
5454
4948
38146
30587
32959
17642
29455
10218
22474
35769
33345
18296
13075
3344
14970
18782
35313
2940
39434
29049
13723
12718
30505
11737
21560
18267
13623
25424
1878
24643
10600
8587
23963
9678
34871
21105
22771
33935
17185
36277
25626
5851
7820
11118
10786
18346
5941
13437
17460
31259
22490
12935
15767
10207
7283
24663
464
34959
13030
9092
4058
14288
14267
8949
27061
34962
11976
3059
34379
893
3921
14722
3862
4615
15127
568
36748
6004
4833
5361
26514
31806
6314
19072
2824
23603
34822
2172
3032
29471
17031
30346
13380
31334
1304
28818
35623
33464
6771
3908
11369
1793
35131
31681
17613
23532
39972
32912
22194
7330
12308
18428
27533
18750
28903
13019
14183
9468
7940
27558
6843
8980
38968
17571
33236
22476
18703
34886
4212
31774
19503
32865
23258
12237
22791
33125
21314
19716
18918
11703
38429
2110
29191
37188
38266
16401
20692
22004
822
33766
34497
30589
22150
13050
15160
28041
14450
8914
1221
17839
15104
9840
2934
3915
22602
21665
26796
3082
11798
32189
23116
9091
33168
16733
7649
10971
19258
16435
11002
13231
2574
11249
24024
6300
6474
8576
10765
38764
19994
19971
2892
11158
7842
2288
2015
1583
20703
18054
24682
31073
22556
26381
32045
10846
22999
18026
20055
16936
4466
5345
35935
406
18670
22758
32448
32139
14431
14249
8888
2564
9715
5225
17766
16117
22778
8350
28871
6661
945
14055
3649
18372
8504
19145
14392
22671
12170
5396
45
21508
394
33660
1389
6876
35850
23832
22824
18288
33269
16854
31075
21704
15809
34638
22695
5464
39221
19152
4388
19069
17255
17031
17411
25159
32613
16996
37993
2350
2998
12628
2063
34843
36156
19825
3368
15353
21455
12131
18505
19265
8192
13036
3047
21996
27915
31546
18400
35105
19186
26746
20909
29118
15478
33970
10558
12582
6175
9754
31473
10584
25999
11105
9713
8092
17705
33971
16836
31788
32253
8609
11621
27426
15472
17259
29216
35197
9143
10783
32765
25404
17675
15154
12379
19157
38483
33843
1521
1074
33401
3546
22595
19188
34942
5521
1963
2112
13131
16386
24962
8721
4317
39758
15537
9720
9202
26082
11647
17382
14076
25590
3626
32593
21811
3663
17807
25499
36800
19829
8855
33700
18033
1842
6721
37699
39553
8643
8689
17137
35519
31980
16337
6153
5623
34917
34968
22821
6065
9197
9203
18998
5336
27619
12765
39092
9021
21371
8028
35386
4931
5623
22037
5910
25583
24925
6056
11598
36711
18447
9961
33258
21398
34558
27009
34586
13526
27759
4952
36556
8598
764
28937
27902
34068
15246
27716
17311
16388
11035
18862
6292
18995
29765
6782
5990
20618
36261
19038
769
5871
21753
413
9821
20882
15117
9076
25698
14332
31646
20567
24228
4202
1130
37522
32830
8920
4898
12265
3529
30127
9091
18683
39536
23112
35078
10719
35028
32586
5762
37034
21085
15615
23752
19574
38121
35372
15435
12424
19467
20732
7514
8508
29538
3735
2302
25868
26878
1924
19299
11597
30861
17893
7915
8346
28793
27916
11538
32767
3908
19087
16057
34888
2125
33520
29801
15177
16582
4049
18126
26099
12633
15406
10053
1934
13105
36250
3987
10707
7856
28596
26324
20476
22643
25603
14947
5711
12872
2729
28219
25318
3307
32094
32605
34034
8691
12083
35917
13962
1992
29375
1586
9640
20480
16693
26311
13568
178
4539
25064
39615
19424
34542
7291
8438
994
37629
2558
32287
32733
17241
28708
22321
23979
19045
12480
11656
25015
11614
11850
18625
1125
37530
12590
32234
30229
21680
5003
19419
9127
17129
544
7682
4119
18718
4340
30718
15589
38729
21059
20151
28175
18113
33817
6619
11673
5079
34576
9464
22247
4591
11703
22305
31240
34692
10763
18799
17726
10830
2704
30753
31483
31501
4475
10406
618
33001
3531
13536
2603
35247
17962
3497
22399
35350
33423
19024
5620
24796
27692
9630
15974
15300
3295
22692
14574
12697
14427
18192
10008
16467
14883
27719
29279
26844
11817
26922
18085
20114
6881
21304
38943
6362
30806
24103
10056
12981
11168
14548
4541
18384
9431
8998
1489
37423
8987
19457
12818
39120
4011
35244
15983
6390
29481
15054
23321
11975
7373
8076
3897
2889
37076
10864
12819
9207
31493
10591
35879
6327
4758
35072
11917
13533
36716
7322
17051
21520
5688
4554
37193
6134
8469
31914
31320
29541
15858
4878
18284
35213
7260
26183
23394
13531
15680
37864
12077
27500
13348
34054
23413
3960
17499
38332
5765
9781
25563
32734
9558
21557
11034
313
14694
34323
38516
3296
21454
28537
7449
10706
13527
6130
34058
18375
12202
3444
37002
4008
19728
5943
32618
38745
21385
7462
3107
25116
17253
15603
19236
39872
16954
12151
8285
38568
2397
3693
19828
27101
17188
31678
1958
19745
13925
33506
1043
5533
12798
5961
17123
8950
5602
21519
26893
13951
35611
7138
11712
13922
16492
18851
10988
8173
15420
15413
13798
2482
21075
32672
19497
16857
30162
2596
38708
33225
13677
37545
21680
24694
16127
8589
28234
5753
20262
24119
19333
5373
35027
5254
8355
5064
23621
10606
1246
9610
27868
12881
38524
17865
26624
1557
34647
35585
26329
14456
4091
39650
22200
37671
19961
4870
8806
35729
18458
15564
11790
34165
8189
34479
960
2239
27612
18349
23232
6375
8843
21331
33683
8219
7633
25010
38984
29437
945
363
6397
20106
15666
20340
15822
22681
11416
22456
36254
32323
31931
7114
17354
3325
9709
37967
27109
36118
22547
16801
27484
6328
39765
14989
13471
24664
17860
39825
20408
37254
32530
31626
16404
17249
10599
17760
10946
2719
28919
15607
28072
32373
17952
26037
306
16462
37370
17237
22087
13160
24305
6320
22355
31942
9754
33966
26972
7111
36616
15279
1409
7527
8033
20871
15451
26861
13161
1982
3803
36252
11917
7537
13380
25130
3008
2750
28541
290
12945
36322
23263
36927
16897
36749
394
3273
14466
12843
10985
39295
22155
27285
25471
9449
15486
7287
17857
38091
29367
2883
4339
8737
35177
10194
36961
16230
14842
18014
1562
31412
12490
37542
9604
6837
7680
17131
1367
39763
5789
33268
11419
30268
2537
32105
14558
17094
26700
17903
14035
5210
25352
15044
29394
4401
20788
10972
39948
21203
7164
16924
6353
18825
23802
1544
5519
20155
4546
9523
24196
36266
36553
15606
38640
7670
20423
224
32572
26496
38301
20947
12484
25852
9218
26658
2907
14733
5803
3219
8602
39436
16078
16902
905
421
9762
12771
3171
4404
39639
23402
6664
5461
3792
7895
31070
10974
2
18358
15824
31760
33136
23774
10051
3325
15522
18267
5948
10793
39646
5310
10944
6634
4017
15267
3467
8097
12371
29599
7711
26490
35045
1044
14332
26720
27099
15650
9326
16363
24145
37630
28388
19272
10870
9587
7062
10034
6381
34531
12311
12207
13022
35103
23400
5693
3401
12836
3398
10496
22523
16723
9026
1406
4979
1009
3415
23421
8972
14456
5148
7559
9380
25153
666
13612
39883
31662
5200
6493
143
17666
12498
39603
14840
29659
19618
30764
14555
9937
11716
14435
28275
3378
19058
26408
8737
35221
861
16082
16726
17756
5375
38958
1099
17435
16813
37659
6419
22675
9048
38643
30406
14603
485
10846
30125
19263
8425
24647
21401
28472
38169
39501
11465
31282
2883
1710
4223
24624
23516
4180
14379
13646
35779
8096
5734
40
13524
24237
8679
2628
25361
11054
34391
35274
11899
24396
18478
8090
39413
2250
8772
24816
31523
10202
26776
6770
764
21964
25312
8665
38153
37540
31000
7789
34594
13878
4568
32863
31684
6111
20485
6211
39051
4347
4509
2039
13595
12286
16308
37243
6473
36818
25291
26132
28492
30773
9842
24581
11700
36291
12715
8067
39912
30353
29414
8891
28711
590
15913
29973
39627
5264
16476
25440
2952
11612
13773
7237
36633
4214
9218
2475
28920
5626
16640
20316
24684
4832
23303
16199
7290
964
3454
31378
4587
13323
7430
35228
25106
33965
5065
16726
39480
24082
21053
12531
34820
32974
24858
15322
13847
22636
22224
16958
29013
32596
15344
22830
26965
5610
1829
7761
14273
19290
18359
34036
12222
12870
1530
36914
12680
25319
4932
10701
37984
14581
539
10342
13035
11842
37956
6504
8803
32293
19721
516
30199
8262
2772
20542
38230
26013
9012
4530
19734
16976
14579
33715
15046
27170
36292
11005
5579
26195
25214
32796
8827
14521
10191
33097
9749
31660
14483
37970
17301
16644
34533
36393
1247
15724
26947
2156
27127
10388
32206
31877
5425
5756
36248
25118
29455
15625
4978
13816
23115
8859
13920
28717
29112
29841
2850
11274
85
27927
20157
3316
9468
19908
10522
35662
6270
31849
15817
4037
25548
37889
15169
13273
8782
26710
12337
18764
34319
32959
32337
38952
11024
35140
4053
17303
2484
17846
1841
39117
6889
38936
26260
5853
36878
19419
22218
27422
23499
22103
2098
28484
8563
31713
16982
58
33108
29984
18147
19886
7814
24316
15698
7911
13197
16399
10322
15343
15251
10853
35527
27233
1412
33716
16261
36472
28204
35292
4042
13805
10205
12310
19467
17063
19085
26608
32472
32861
17745
29004
7037
16712
29218
16997
34288
1008
13159
20124
11196
34899
6947
24715
11982
38368
19653
9838
20156
33071
14480
11705
11797
23440
13621
26720
10618
11714
2885
31335
10928
23061
29679
30476
2029
18001
7630
38435
36708
8732
29055
21408
7878
31670
38179
5694
12512
39874
9904
9632
32648
24540
1946
19445
20304
21538
10156
3501
36359
11163
3643
10668
22546
15268
4899
7273
1054
1841
7274
1874
18988
17113
10999
13012
15372
14061
9747
39648
16376
20267
2325
23398
34718
19868
12283
6802
21857
33454
29556
9530
10861
35305
4010
26656
18564
10742
1722
10793
22343
15297
33617
34426
10643
18678
5962
13623
28565
36028
6654
10435
27525
1902
6179
15406
20346
24452
14410
18633
22240
826
32920
25461
34154
23598
4841
108
2399
8196
36127
5224
30174
15620
34920
8620
26499
6453
33251
7407
7845
17500
20535
21033
6079
6905
16946
1157
3681
2548
36860
39350
18
28363
14430
37340
12250
28717
10046
25254
23414
37287
11902
16483
1431
6663
16158
27244
7918
7186
37202
2161
4462
5143
28958
8859
9529
12862
12762
35952
15470
25469
28258
23792
35514
10114
33988
22599
18767
36967
758
26574
14967
5204
20761
34058
9853
20701
32947
6689
9997
11856
18793
6062
22512
15317
14892
37125
16889
5333
37693
37249
3946
32678
2490
22462
38526
9318
16751
25151
2270
19728
23201
28003
36626
15207
89
850
27141
13301
19024
47
6974
3413
20077
16659
32356
35795
27033
1010
36224
27940
9935
31915
28536
2748
11388
39036
14358
19760
7471
11248
9424
16949
14050
32126
37155
1591
525
9383
19273
8880
10677
9791
1474
16843
13643
3338
18728
21413
4532
29738
18089
12122
3672
11394
27678
9112
4264
37327
37247
14668
12332
20908
31653
37083
31806
3232
2445
25725
8476
27011
250
2953
3627
15926
37180
33448
186
9669
20786
18430
23502
36503
22038
26561
4827
26436
35455
14652
19666
38075
6002
16419
2039
26100
35322
19358
10713
18955
6918
5575
32904
9424
6205
10660
29279
27395
38976
6010
2122
5931
27481
5794
14657
4082
10982
8055
39730
2197
11423
6655
16840
20126
17427
15161
29702
6789
11640
39110
17581
10093
328
12854
26410
9230
19684
15534
19739
31239
2239
7707
3767
37504
2607
5400
12891
25264
11447
3760
11472
8295
17633
18794
28327
37925
20008
32408
14821
24997
7230
27348
15247
27838
1496
12014
5467
38752
32700
13346
8300
11665
15402
29637
21228
35638
9850
22259
2901
26586
9162
29857
25236
17828
5228
12237
3526
204
34030
33479
19046
37689
31047
13657
38249
29004
36567
17604
3350
9389
9147
18403
16371
23084
11794
1065
18692
5916
5104
30549
31286
38447
18493
6288
39920
6791
11850
19739
38838
38294
18015
31855
20812
8711
6400
3524
34156
39944
38953
8797
31267
16060
37291
1750
36965
4280
8753
6228
27155
4690
31283
31933
25826
29157
10750
2863
15101
20247
24810
34832
18446
16849
33237
32529
36780
14915
31490
5951
4254
26043
8283
372
17974
36276
33256
19043
13269
32213
19165
33090
16667
16253
15945
36425
33708
32611
5493
27616
13521
8629
3998
19309
8158
7308
33735
3018
19552
32743
20742
34698
36816
34654
13954
7587
23575
19901
23471
22108
12907
12915
13226
1542
22509
27131
34768
2292
18629
10951
34396
9113
3669
6504
28435
36865
9978
16827
18778
11057
33048
6455
13111
16562
26367
35611
17072
35120
26249
2835
14783
36678
26885
37020
11187
11702
11690
12911
18373
9510
15336
26407
13886
10104
34996
19304
28146
5828
126
13526
34524
9337
13438
36542
19103
11178
9448
16849
15567
23071
27854
1195
28092
17710
8960
33437
31689
39860
17675
5389
33296
11071
15406
16023
9738
11969
18066
18859
4925
21990
21802
6287
19364
18268
796
7538
14223
6178
37064
15389
6418
7244
34786
15465
20082
11386
38333
2808
17918
25327
17172
18812
28468
4290
23202
10175
5933
33884
16813
23102
14123
15004
19777
3354
2380
27901
10556
23289
23574
6839
26078
28593
6149
26059
6694
29582
14552
4851
36258
15824
26331
24843
18006
3637
18241
39243
13143
32083
13257
38361
10552
12801
30169
5658
29114
6398
14784
11303
14610
2049
23413
14943
18453
34727
18523
1206
31520
29167
5618
37616
19425
30742
10414
12381
31984
17937
3934
33328
5760
16496
20087
8973
9056
22708
32833
18501
10082
34010
13836
4507
9835
9913
4452
16786
13037
17746
7945
16409
13434
17937
4634
1365
19606
1622
29965
7725
9659
14343
29196
1804
14565
15004
4328
8416
36671
23277
4106
9098
27203
2759
15640
23543
13366
39965
28732
22237
37336
16223
6969
38583
22783
37364
18379
3499
39240
32486
17712
19157
31477
15484
33879
8846
7307
32465
36980
24659
31882
21522
18304
1077
31161
27913
20423
13360
15986
29511
2337
19174
10069
13336
19796
18516
18352
8198
20753
21596
18367
9889
12254
29599
5154
16144
23676
9101
17624
37655
1487
10014
6800
32557
33142
7776
19806
38209
2648
2176
21961
38254
26406
27693
1273
35
37385
3112
15439
13124
38687
31662
338
1083
26592
23815
15736
6307
1066
14819
27096
22713
30414
13407
21367
15298
19909
11039
19890
10473
28252
39792
1399
4548
8069
21834
25287
8896
2824
2464
25211
1235
35548
11418
25192
9372
9397
619
17168
22974
5489
2872
26076
32139
21902
19678
39919
19907
9007
9383
4122
38544
648
33499
38294
15154
26809
620
17186
15441
13273
18085
21326
29482
15270
37632
18865
34138
4365
24697
5802
18826
7339
2798
6500
9374
18891
7776
39431
38486
35917
16023
7388
21839
14927
15623
13543
20194
11372
22206
19702
2704
2194
12766
30926
26616
27157
13160
24412
30760
2807
16832
15134
3070
9264
16396
34217
26328
13631
24147
17487
37358
1667
31889
1677
7425
14067
24287
10048
11226
8182
11275
37579
574
6258
22223
631
13306
31376
28221
21102
19489
16448
1064
1294
14088
13512
2263
14561
2190
38874
535
25546
7457
5034
25042
1469
30395
1329
23377
4069
38122
8488
21536
24851
2786
6159
19566
12687
13875
36959
19773
28057
19699
15476
12718
3861
8680
570
18484
26992
33354
1702
16006
32281
3115
4156
28776
19641
10557
38441
30110
29810
9463
24056
16812
39705
38186
21659
19068
818
18820
4785
36205
22736
28635
9745
6782
11656
10931
17978
7552
11306
15748
12571
5063
2225
7821
35622
10118
25282
28323
728
4579
33415
18733
26726
6648
35327
14607
6062
35534
23867
31881
34607
7409
15040
952
3136
32897
39642
5268
13850
2201
18520
9970
12576
6399
12889
15650
22480
5157
14194
16653
38435
18710
31
15213
23638
2702
10572
24152
19552
4504
27006
26549
3917
34474
20668
10888
26368
30492
25163
29695
17847
896
39417
11664
18673
23864
1673
10336
25862
6695
8467
38867
26852
24624
7783
10632
32657
32557
26027
5776
36747
2975
1349
5836
26783
36931
2840
34255
38008
23546
1238
15465
1674
8984
22808
31758
4767
24650
20311
1179
14130
14222
24037
560
2321
29244
17652
18803
8723
29768
1906
5508
24875
30089
10197
19181
36741
3018
7965
22482
34497
20433
4745
24877
2054
4947
36101
4109
56
25455
23437
10898
36414
29748
37258
5540
7618
10185
17338
4647
15735
12128
27053
7393
27816
3648
3776
2025
15490
18216
12498
13509
4970
29020
7380
30191
13243
35211
4797
28881
38356
7673
39749
10537
15441
12363
16794
36877
19325
11492
26894
25582
4192
25888
32681
32116
19660
12807
11840
18260
8054
12799
34017
29910
11575
17475
27113
8182
37190
14886
32947
16940
863
34912
9651
10908
38120
3945
10537
37691
7679
39140
9891
22533
25795
503
26358
6165
8543
9612
8214
37841
7741
25362
29109
5657
17734
25967
27482
7398
11273
9389
27463
14770
31054
10648
3745
28357
1811
19199
32297
10865
7025
34994
17778
39162
18906
14450
27149
14482
7586
12088
10555
131
33374
6018
39772
19299
37739
27699
4795
39951
16581
37105
29613
32326
27412
16562
35067
12676
38861
155
6686
26997
12741
7558
22633
18200
37276
30801
28497
19940
16747
3348
2876
32839
19239
12722
25505
17531
3324
34442
9142
5675
8226
30819
19616
29221
20592
2496
31686
799
2281
13395
34996
20743
27176
16688
7952
10618
24785
35103
9043
21673
19164
15701
3542
24733
6905
30366
8103
28037
17104
17522
16606
14431
9414
9711
39157
34226
14764
23804
31631
16449
29934
25903
24048
26854
5958
38814
36654
29822
23059
14064
37921
26791
32743
11144
5287
11219
27774
26530
27238
4527
25259
6807
8506
19687
25446
4449
9573
21072
21020
17327
17561
9877
28267
5702
6578
15324
5164
7876
25288
12207
17807
34493
4207
7489
7929
20625
12085
32844
23404
27769
23241
20213
4647
7109
22063
39726
21617
31540
20938
9536
27292
3387
11810
35843
29717
27156
2209
12646
1983
36123
19667
800
23757
26737
29375
11219
4548
20221
11955
7516
26857
35054
11271
37119
16133
5614
10334
7724
33146
18427
9669
16222
33041
16305
7096
27494
32908
6160
15928
13648
16041
16248
24367
1338
12297
11943
7376
20942
6416
19625
38528
8962
13087
17381
3606
6591
11668
13470
16731
39525
23845
37167
8421
9321
19601
10290
26003
4116
10890
15550
35797
17630
15748
18713
13043
18264
38548
11782
2797
36985
30992
11970
22093
38671
31465
26142
33844
28020
6779
10947
19586
11812
24372
37024
11461
9208
5367
4161
21102
9001
28122
31728
12384
38763
24942
1251
18948
16576
2428
11895
11407
19448
26871
7801
31370
26132
12013
21682
27531
36690
12277
2843
11698
18477
21321
7013
25327
32159
38405
32764
30431
31090
10971
24764
27788
11253
686
25994
16011
29591
11547
12362
37862
528
28031
10741
19636
24782
38477
37047
30965
17341
21483
32768
10114
1470
8848
28323
9103
9059
8243
8931
13323
28868
10076
28075
532
39999
1898
25802
11966
34069
5069
36752
35704
6468
28443
34843
36034
37562
28418
11871
17211
6421
16281
38393
374
34955
19705
29324
716
16326
33961
35614
13550
21402
123
4272
38678
8993
25387
38461
15501
38612
8454
22452
14881
23129
21799
18304
32794
17781
11880
30094
20902
38470
30927
7628
4068
19558
39352
9341
23063
8046
29890
4540
4808
31156
9663
28963
21251
8956
4684
3318
24676
36441
11318
18311
27679
6049
4460
3790
4577
27592
18271
16399
37435
4465
8903
17083
11662
31183
11698
331
15366
4130
33107
16747
17086
23838
24085
36426
17136
7328
7450
15661
2592
10898
7617
7477
19429
29222
9593
3366
13033
14504
39288
22112
9999
20114
19668
9754
12571
22920
18638
19735
12140
15432
18332
3073
4309
26815
12341
6160
6115
18288
18079
18578
20624
35316
2818
30550
27876
12768
8901
2274
9602
27668
10306
11127
8325
26399
2781
11817
4895
31756
13820
21058
31402
10867
11466
351
25791
18086
34256
14145
36556
15774
29262
19467
37465
32057
2553
15080
30786
35211
911
22081
8990
37373
27131
37803
8239
16409
32467
25330
17966
10628
27103
3588
21337
7655
2035
8693
21819
18096
6281
5160
20258
18393
6091
4569
7588
13063
25030
32247
36319
6555
37557
33551
26395
15332
26068
28264
28797
15582
21907
21162
1684
25474
23771
17235
37434
2602
36613
31373
11919
2453
5845
16766
18369
35462
23562
1936
22633
4728
23448
17467
35048
3273
7095
16686
23518
7311
33097
523
12914
34049
26621
28849
30533
3221
31619
17044
24374
19682
18512
34167
12678
38664
14644
1234
18795
11380
21402
4966
1438
5632
14585
14157
38109
25475
5253
20031
21942
9621
20110
18087
35505
4192
26903
28339
2719
26715
14416
29402
37537
31054
35682
32334
20923
426
1091
36850
20259
16169
41
22512
34318
30300
9472
16677
6434
7223
33253
34789
35282
10764
34154
14956
1998
23662
16475
18777
15974
39555
1959
14257
29605
15994
20538
25379
3091
17185
11046
19055
19955
10596
2132
15273
16135
39124
10321
11238
9892
3690
22090
5427
34807
30652
3961
3994
16025
7331
13073
6789
13433
23371
25254
12832
14146
33003
18653
12519
13773
16228
36377
13991
16499
24195
17402
1202
39161
32003
24956
22686
9090
27074
34523
38651
21257
3990
11391
12731
8873
13649
22507
5431
7232
16970
32105
26229
12044
13842
25963
37367
23558
3275
4833
34345
4935
149
39292
30319
30304
13372
16410
24069
39616
33668
38427
24439
8729
26947
24831
23645
4008
6277
19051
25795
33934
17495
7804
28179
26993
38704
4291
24575
30455
12052
37386
14777
27883
36311
18934
22093
37998
31035
36866
16366
17349
3564
37821
14468
18392
20008
13059
23633
17363
19034
21256
8784
9248
911
6418
5700
5721
31642
9307
28954
7035
105
24945
3813
30612
19618
25350
24384
34938
11431
3554
33503
6841
737
746
30189
871
5381
34563
3585
24575
34018
8027
7539
10400
28324
36421
25451
32360
20430
314
35567
25224
15879
37001
28229
14230
38184
7883
30223
21159
21502
1492
10080
5608
8275
11191
18935
4905
6020
25122
37063
39289
36944
39846
13275
5238
23799
11232
3037
37398
38877
3771
34608
33607
18734
2074
9990
10877
23164
15908
2468
14751
23154
14449
3823
2226
10846
32367
30349
484
13912
9008
11454
32569
6402
1309
2653
31930
9660
6058
1359
8005
39851
20472
24577
18292
8050
39679
1953
32280
32454
8449
6559
24220
5914
36440
9382
33691
29120
27574
39421
24363
30451
18956
10554
14286
17076
164
22605
18852
22063
10936
39621
2819
12589
10143
13913
23240
26724
21912
32745
15634
26757
511
7885
32291
39822
10916
26971
19876
443
1677
30655
31421
9621
1712
32592
29640
36794
8242
34449
14334
24527
2733
3304
26246
28535
13709
16803
13797
39151
29594
19970
35522
13719
556
8611
10651
3910
16542
39405
10838
17626
19545
2890
8314
21715
20254
25506
39917
8134
3729
2879
3129
38825
1963
38469
30602
28861
12674
4230
29339
34574
26260
3270
13633
11931
7125
38183
9322
16063
31464
27593
7379
14674
10093
16843
29522
15046
11831
32642
34973
1245
26489
22153
26668
32073
16098
12324
8771
3035
16133
6682
13820
26550
11584
18784
8808
33176
11327
9465
4487
5268
12593
39417
10982
17482
5747
8502
25621
38160
26655
9759
14215
4636
18847
1736
35522
28607
19654
8430
39420
8186
1966
11831
17059
15193
31075
33535
10764
22543
31398
11715
8776
27394
11588
11656
28942
14604
7587
32071
19187
20789
32793
30104
22007
21981
16780
26515
15538
31669
39298
38730
7673
5198
22840
15329
23573
3270
30398
36373
34069
15493
14017
9770
9977
22721
3758
35277
28241
1479
32435
18002
29557
3507
30667
11311
3871
27411
8702
1678
8988
24227
6005
27530
15047
3495
7149
37279
5030
2945
26370
30698
28376
28751
20873
35684
13898
26627
1404
25988
4680
2097
35406
34047
10515
3975
25281
36146
12427
27414
39158
24801
10429
3268
23351
25853
4235
39625
29500
14481
16943
8605
27411
5309
38114
29883
9509
14080
27847
27691
8575
5450
34577
35915
6159
19596
7301
27997
10706
27582
4626
7776
5762
14685
16535
4107
35204
33547
2004
6967
39165
33169
20283
1703
17411
10715
21940
35381
9014
3306
14325
1127
9440
950
29803
7287
16735
15959
3119
34055
5755
21544
26375
18344
5558
1152
7519
6341
27405
36694
11227
37808
39958
36246
3727
26023
4052
22231
35758
9608
763
16728
912
6202
38192
13381
30343
27338
6059
19124
7801
15615
18520
13838
10933
15804
8991
33761
24523
9210
11741
23957
30209
6280
32942
14143
9340
1704
24602
7208
31349
1097
4188
21923
26779
621
31023
22024
10112
12280
1714
25047
18114
19944
9159
16520
22890
6407
4149
34883
11094
37149
5215
6783
39500
30706
25576
31021
1107
39653
28356
2103
17089
7548
31608
20618
34528
5446
28964
30977
5496
26663
25084
18163
36963
2160
16945
5451
17593
24216
1451
18090
30058
5599
632
18593
5833
343
16935
2505
5629
30863
34312
21148
10299
1400
26641
1879
3742
13471
33918
15478
30287
26382
39677
21744
10979
31555
32199
22849
39069
33846
33675
20457
12405
32835
6139
18772
15213
27308
672
11738
39614
37474
2164
6456
7737
27065
7367
36750
30406
39114
8882
33011
15819
9309
7767
17734
10441
39829
7048
12389
3417
15595
2920
10806
38063
5913
36714
19288
5570
31095
28914
29457
24099
4046
13516
7611
15583
33661
24356
8348
9224
15152
17926
1700
29690
35872
485
29933
14855
29487
10624
14566
14687
39078
23338
16695
29416
35188
12614
16128
33603
18058
37459
27393
29262
4506
12465
10953
10909
10727
29630
11721
29434
3201
24044
31581
28155
6678
19488
34539
24165
6236
18521
38807
21980
18607
27067
17300
38713
10983
17759
30036
3550
3219
13403
10377
9824
18997
4471
30109
9369
3480
10545
12886
26432
3821
23758
30739
13858
39070
33141
20970
13577
33998
2342
2914
10093
27787
37614
8615
938
28469
39925
34423
11952
17316
15757
18989
4882
34647
35846
10544
32204
851
9375
24075
25650
39361
18695
7974
11272
39135
26003
35072
3815
32027
3830
2679
21944
22010
17244
13122
31845
9715
23713
20820
13223
16241
11872
15288
37075
14812
31447
7260
10259
26203
38344
4414
8852
11441
38900
16667
32451
18460
15352
23510
31117
6183
22133
1768
19557
34965
29106
20905
10347
6098
1624
39512
6689
22764
21864
7133
30098
17600
28374
8147
32126
24011
14772
25969
30768
18171
28983
7671
12327
136
2297
2103
13275
29199
23598
16098
32941
19612
6697
14567
17963
