398
181
234
358
348
51
206
129
3
194
172
30
321
51
280
377
245
310
100
317
130
366
275
71
129
18
374
315
208
340
15
159
297
219
328
82
356
85
248
125
243
65
114
13
309
133
200
141
168
173
268
38
78
297
88
16
258
172
40
1
96
61
187
38
158
40
271
65
30
234
86
351
181
388
195
131
134
25
25
231
269
221
0
209
191
239
191
15
152
10
66
287
92
72
192
163
165
82
366
39
257
243
92
260
130
16
80
165
224
62
371
17
36
96
165
28
270
287
93
320
13
36
264
292
172
132
133
48
220
389
352
89
115
34
308
313
151
241
369
44
117
122
83
69
47
317
344
70
117
63
225
15
31
287
351
153
238
15
370
153
316
39
344
149
292
149
303
22
93
288
80
27
16
363
79
210
167
17
119
294
83
242
203
224
369
126
79
114
334
36
183
352
4
39
317
18
314
137
106
149
101
180
288
127
141
126
233
110
306
56
40
32
34
95
182
1
370
96
67
43
262
260
45
106
341
31
0
44
225
294
65
129
264
359
218
356
398
198
170
196
55
237
22
73
176
116
202
15
335
145
276
357
96
182
96
224
396
382
56
90
6
278
129
86
101
165
83
209
13
103
358
379
339
284
47
118
334
164
278
73
275
331
213
245
53
343
24
263
69
296
100
237
214
105
234
52
59
147
281
374
183
181
125
306
376
69
146
252
284
23
347
152
189
126
85
115
241
323
246
115
112
335
256
395
191
185
244
308
172
131
275
196
13
233
37
241
48
143
306
49
111
372
352
293
157
259
315
227
102
14
304
124
171
286
330
382
26
260
21
99
135
92
359
319
288
146
257
145
315
78
207
198
130
158
12
140
134
140
336
282
161
4
172
217
168
166
200
335
167
395
372
227
256
68
172
252
150
188
50
206
177
258
285
25
125
227
361
2
305
266
133
191
359
68
19
112
152
176
250
80
244
49
63
12
269
249
332
220
180
220
35
56
67
312
159
260
145
215
254
379
48
147
6
153
132
82
152
219
343
86
112
86
358
241
146
90
381
67
128
341
36
98
81
104
100
308
72
60
115
9
311
342
310
13
329
272
35
184
266
14
80
261
107
54
162
262
155
208
38
332
225
156
2
178
178
179
325
386
333
247
118
54
32
230
128
47
187
23
144
172
393
133
219
220
370
76
178
336
145
395
31
152
39
50
313
44
228
345
120
116
250
101
227
132
17
253
170
147
129
181
29
118
260
397
206
67
314
31
303
78
219
56
355
163
367
137
328
36
94
7
213
68
305
14
1
204
19
41
29
117
56
235
125
307
168
1
168
184
81
87
23
129
75
185
119
72
344
90
296
246
382
161
159
190
12
287
25
133
107
157
154
233
123
1
18
135
7
315
296
319
114
37
13
116
14
326
41
358
393
47
219
87
358
16
37
110
13
340
19
287
165
358
290
35
21
117
363
200
129
370
178
17
150
134
230
101
273
175
309
324
108
4
260
351
391
28
203
324
53
286
323
145
109
322
399
382
173
47
44
3
2
204
27
63
176
123
160
375
163
382
143
297
3
2
64
112
35
109
130
219
108
215
151
81
333
122
159
386
172
61
388
122
77
324
198
55
332
147
190
216
376
118
264
285
242
356
224
179
167
380
87
180
51
161
106
38
179
59
240
282
157
179
184
92
210
111
323
337
24
171
148
327
383
59
241
108
173
181
266
270
30
53
330
28
370
145
75
236
362
85
297
147
130
195
343
183
16
140
7
9
241
226
36
12
251
52
57
102
11
202
209
365
345
102
137
152
393
37
229
301
96
74
150
355
191
17
52
191
389
20
158
235
56
185
383
144
253
85
89
340
75
44
158
83
139
120
104
74
74
65
247
3
141
171
121
76
40
279
303
62
14
75
262
374
130
16
123
127
218
238
278
157
354
222
229
312
74
28
43
21
80
205
69
59
393
228
390
248
287
54
179
338
133
79
146
69
148
337
354
165
250
42
80
285
208
370
394
68
148
285
172
130
298
1
14
222
2
266
182
93
368
297
277
10
369
88
30
80
1
141
114
171
81
177
344
175
365
68
135
269
139
71
115
118
104
183
83
86
173
146
49
80
309
169
181
392
8
5
125
7
107
353
158
259
242
41
99
386
45
51
307
199
27
148
382
338
95
352
15
24
190
327
96
280
85
128
134
199
101
338
188
257
26
98
16
190
40
92
361
170
381
144
283
318
31
155
169
51
16
361
223
250
210
281
29
373
17
60
158
261
144
184
138
280
386
304
33
245
32
76
281
364
245
96
154
60
134
324
397
85
214
149
366
239
132
0
117
240
396
168
3
338
168
292
94
111
167
69
155
42
160
306
20
61
64
106
51
49
344
94
62
179
40
203
125
331
392
33
58
151
314
369
100
61
346
94
117
55
50
277
237
143
396
68
74
223
376
285
92
100
81
116
338
307
362
127
20
201
43
129
248
29
352
100
242
180
17
201
19
183
245
255
216
396
316
395
14
119
86
398
16
39
382
97
59
135
166
142
345
88
169
345
49
92
47
350
334
44
19
209
102
95
238
203
198
358
144
387
232
102
383
251
276
353
190
199
198
83
299
156
30
120
228
201
29
238
111
159
126
178
57
2
172
29
397
93
320
61
48
21
100
144
129
134
277
215
243
11
382
298
161
258
215
328
58
152
253
5
40
328
51
153
128
173
182
119
103
360
22
203
85
129
310
126
281
192
75
297
62
200
252
125
5
233
277
255
310
75
22
55
209
5
259
134
117
44
48
371
188
320
6
126
164
158
367
7
333
247
64
36
25
348
118
29
196
4
262
9
148
52
253
253
183
109
46
58
389
121
111
114
162
215
276
189
393
246
84
48
305
176
165
198
132
120
157
222
5
257
29
52
92
69
324
345
88
399
96
123
183
124
47
156
172
285
391
196
32
164
158
21
165
8
125
101
134
361
187
53
254
334
187
231
316
163
197
237
214
24
144
139
94
209
171
140
93
361
234
163
52
256
175
47
398
186
158
66
4
366
16
155
35
177
287
105
393
34
111
139
47
88
64
280
372
148
86
51
71
173
113
107
367
18
118
283
118
110
274
187
166
67
245
188
317
205
210
67
52
194
315
380
398
269
167
10
74
31
386
59
241
398
344
209
25
194
21
79
204
360
2
27
159
334
46
181
376
384
173
195
168
92
6
76
260
17
22
91
304
138
6
110
166
26
181
6
84
215
100
137
261
289
167
158
125
343
133
127
83
23
132
360
52
326
80
19
306
52
298
198
341
306
337
258
51
76
96
204
385
68
337
145
31
190
142
60
349
204
136
160
346
130
211
302
0
50
352
176
60
339
129
164
178
359
312
362
311
73
333
307
293
61
228
149
64
297
19
327
165
128
122
91
321
31
326
110
60
256
222
83
122
390
68
389
84
100
217
213
11
99
379
318
153
285
57
324
57
351
3
91
323
25
17
182
78
51
337
174
281
112
8
378
24
32
150
8
184
235
221
393
9
144
369
81
327
358
36
201
283
176
296
177
312
32
386
118
342
190
260
259
60
145
50
373
136
110
170
129
334
308
352
180
77
267
349
266
153
287
81
113
39
190
198
357
135
237
207
386
179
192
2
394
110
162
249
391
30
344
135
21
144
27
297
197
153
94
62
238
346
55
163
14
146
104
315
243
396
229
273
335
35
106
382
350
92
10
165
246
101
98
93
303
65
252
103
147
29
152
38
96
340
335
347
110
307
249
335
286
28
3
62
158
144
222
150
183
94
75
7
287
380
65
84
369
344
25
330
155
190
125
76
106
56
185
71
381
376
151
10
161
12
178
71
177
152
342
336
146
87
155
383
3
123
351
135
46
347
192
17
9
323
72
317
18
354
187
380
142
130
24
387
396
53
86
197
101
221
398
75
302
246
226
13
386
22
322
148
229
387
26
98
179
285
136
202
100
334
59
72
84
386
322
279
256
99
259
219
220
37
173
243
157
198
89
206
104
20
327
299
336
261
209
94
306
308
364
206
90
262
331
276
364
195
276
388
68
26
143
394
141
97
156
210
248
68
295
63
66
9
197
84
246
142
77
393
1
244
152
235
255
381
115
193
236
100
47
362
2
29
109
258
378
62
362
4
5
296
203
53
98
399
350
190
69
242
179
157
33
57
296
263
300
307
217
361
395
189
277
88
68
138
131
133
399
343
67
38
321
289
165
163
399
149
391
135
227
377
168
159
16
38
37
380
383
150
224
367
387
76
158
200
162
155
207
190
134
112
142
326
303
85
347
302
127
18
330
51
385
199
377
128
0
271
176
77
106
365
29
259
194
189
173
50
22
260
289
195
347
74
369
193
69
4
169
226
379
85
186
283
319
177
336
292
202
158
211
317
286
25
4
138
207
163
326
171
284
170
30
78
71
321
3
223
80
96
215
323
44
78
238
313
64
321
356
0
332
63
246
74
372
398
257
91
197
382
89
2
106
9
375
275
325
74
100
352
94
127
218
145
12
213
342
179
122
28
250
45
388
205
58
328
85
304
149
373
381
118
175
25
21
75
22
254
22
355
127
159
92
89
228
155
190
229
79
113
17
195
224
179
70
22
205
16
150
67
356
322
18
357
144
88
132
166
315
316
266
68
185
192
10
26
250
25
323
26
216
207
311
337
150
130
178
4
184
77
377
199
141
242
72
129
102
26
121
134
372
29
81
21
144
118
97
315
340
84
16
123
347
28
120
331
40
212
302
99
178
182
105
399
3
369
280
359
7
273
150
261
257
31
109
234
142
87
191
75
104
105
248
36
49
6
267
50
351
333
107
238
24
225
178
269
324
164
81
87
159
397
72
256
2
143
1
137
314
43
239
37
319
185
395
69
87
103
322
55
40
279
92
153
117
316
121
44
60
114
144
323
374
398
241
126
276
161
7
346
351
209
27
294
32
86
198
25
302
168
386
158
365
357
187
182
83
312
189
39
113
112
84
157
50
380
234
21
284
188
108
242
281
75
272
269
144
273
213
345
41
201
215
182
298
344
396
135
344
210
81
300
294
326
51
199
112
103
162
21
62
2
373
118
356
207
359
88
353
357
139
173
125
82
162
56
17
180
28
370
356
123
23
144
193
387
190
166
387
34
45
40
37
97
237
334
121
54
38
99
177
96
35
123
69
7
162
206
288
200
94
96
292
34
173
235
82
369
237
228
135
68
139
220
336
84
176
118
378
201
63
84
302
10
254
332
57
17
252
107
199
170
227
120
85
219
2
382
121
384
72
364
288
373
343
44
312
96
232
133
172
88
69
123
212
133
152
301
167
163
18
36
314
128
307
201
116
198
77
46
224
220
64
146
242
257
205
148
165
103
111
125
164
97
29
151
45
181
303
296
29
283
377
213
189
18
151
157
140
226
92
360
136
339
357
183
282
182
166
160
91
227
133
139
142
152
97
112
34
52
175
165
97
279
66
250
177
368
69
288
359
85
41
191
219
139
28
85
102
49
108
172
316
51
38
193
264
252
280
253
234
174
152
79
76
236
287
45
123
254
129
135
117
380
84
54
347
86
107
125
148
363
351
253
193
68
127
22
336
217
205
148
183
170
95
250
127
151
104
79
259
316
143
346
128
227
372
326
95
343
159
172
387
95
387
386
310
196
26
145
148
46
40
72
26
106
198
63
389
156
306
149
47
329
243
273
20
180
21
212
182
286
61
342
83
5
28
170
69
114
276
129
341
219
232
24
164
212
334
130
369
23
203
275
80
44
61
304
174
316
352
271
351
109
191
134
107
246
51
37
173
163
212
248
186
300
94
132
291
369
144
261
165
213
82
75
178
133
161
68
291
208
389
170
273
153
248
88
390
244
130
21
200
158
97
98
233
75
210
78
163
4
369
82
145
124
87
160
260
352
41
251
274
256
162
126
116
106
294
204
26
224
196
59
355
183
107
178
334
392
122
244
391
374
8
91
197
11
239
265
95
162
178
197
143
57
161
387
270
188
165
111
170
395
189
17
349
211
19
289
59
163
131
163
193
125
172
0
55
135
171
196
247
117
35
356
328
286
375
113
92
311
212
131
325
119
255
80
228
304
63
223
339
330
149
197
57
345
304
127
33
359
61
88
55
115
320
75
92
188
241
241
226
324
125
339
63
328
232
359
323
146
285
387
316
314
237
380
43
0
184
273
127
228
133
147
53
313
169
31
213
186
311
315
141
191
274
271
290
51
205
319
244
396
120
1
358
266
240
298
174
85
294
40
147
192
346
159
211
259
178
170
303
124
86
58
330
259
253
291
156
213
191
57
77
60
20
61
172
138
347
83
393
318
48
5
189
93
343
29
42
142
219
172
52
72
11
257
280
243
87
6
227
189
285
185
83
224
219
203
179
272
369
177
72
214
285
228
246
223
154
332
121
313
267
16
60
148
182
148
344
77
116
72
9
128
384
78
6
322
131
393
333
26
57
6
240
228
353
183
393
52
351
363
202
132
262
114
168
331
18
394
328
184
171
122
272
221
7
274
191
134
164
3
107
159
12
127
366
35
87
153
123
394
199
296
164
39
243
32
64
327
97
223
270
118
187
10
102
128
200
230
46
90
76
10
334
177
230
358
369
179
130
198
122
218
31
103
229
55
183
22
191
78
301
305
15
275
243
332
152
211
206
40
333
296
143
318
272
237
392
189
94
348
81
379
89
19
101
354
328
302
333
381
274
260
18
188
349
207
305
156
128
137
2
207
281
248
340
107
278
117
324
178
108
308
231
152
114
260
312
81
387
323
149
312
216
73
264
47
27
128
122
83
151
399
297
64
74
161
142
93
68
237
170
256
83
37
64
254
240
354
197
236
45
337
151
137
370
377
359
146
302
280
140
45
256
185
139
146
308
145
290
386
16
61
256
5
164
21
186
128
32
35
75
198
181
89
28
345
290
224
141
139
16
118
330
189
396
308
223
366
91
113
177
158
175
102
264
49
167
213
386
140
68
259
11
107
241
190
279
86
211
342
202
29
43
239
357
180
368
45
239
330
177
374
151
366
174
101
179
43
150
79
13
88
196
239
288
46
72
1
91
50
0
341
229
276
237
315
357
132
289
325
392
41
260
318
75
177
153
393
210
109
207
379
328
6
309
292
38
93
188
66
106
205
71
328
280
66
6
301
377
164
114
198
325
58
52
85
318
68
278
234
283
21
346
93
161
16
289
164
218
213
111
210
64
21
106
56
281
220
241
93
31
249
1
94
165
112
26
246
44
4
39
233
287
93
171
120
41
38
67
180
9
277
183
50
82
63
384
150
349
125
23
152
212
311
299
390
220
367
2
239
180
379
216
89
67
331
57
59
60
50
161
283
231
164
256
24
384
211
56
378
267
96
248
272
349
186
60
276
104
312
115
146
90
46
92
192
156
273
221
20
67
113
311
362
137
81
126
171
267
37
141
64
43
384
45
136
272
26
135
192
356
114
198
263
312
215
297
212
219
6
374
109
88
346
143
70
77
326
359
58
392
95
157
118
339
329
379
32
6
385
166
51
298
128
167
229
263
365
381
222
198
251
196
5
84
249
352
12
65
163
68
137
145
100
3
255
377
336
111
332
311
195
133
38
68
73
300
5
58
279
69
319
155
212
218
90
397
173
309
11
233
252
261
55
207
127
375
131
347
212
24
69
80
168
85
164
212
67
310
371
117
86
6
116
177
131
108
353
215
89
196
80
33
237
126
56
338
211
54
147
219
24
305
341
38
338
237
62
123
208
29
264
139
104
127
398
390
130
65
339
183
113
88
144
158
121
22
21
177
132
261
71
178
300
111
234
115
273
192
35
13
280
112
19
73
151
164
352
329
175
129
167
214
236
229
379
328
5
0
337
172
22
331
399
194
40
50
8
10
108
58
207
108
277
79
206
313
135
96
249
319
235
316
289
62
276
358
388
150
200
64
84
131
86
21
40
181
17
10
278
342
270
139
298
173
134
3
259
313
142
271
9
104
100
143
10
137
35
154
284
160
11
99
179
335
148
117
35
259
30
327
59
35
139
34
47
194
132
67
158
96
79
269
109
19
137
53
136
396
107
240
54
195
172
231
19
356
362
135
374
65
113
217
230
71
207
55
259
192
22
118
21
339
182
228
365
55
0
332
43
16
196
42
160
75
31
62
143
250
309
35
81
179
260
314
140
302
110
62
390
390
373
391
35
341
130
113
284
333
119
40
284
125
364
52
386
231
186
344
123
163
299
74
169
199
17
111
129
191
279
106
167
335
84
287
36
117
37
10
13
217
293
266
20
282
92
246
197
35
162
122
183
175
339
285
275
157
147
141
354
96
331
6
52
383
235
139
120
267
213
343
20
96
87
139
267
43
219
56
292
164
263
225
183
380
309
160
95
322
207
131
314
31
48
73
32
181
362
235
345
165
227
76
41
54
339
118
80
134
7
255
84
359
338
384
262
137
18
118
146
89
302
47
229
239
153
372
31
328
236
179
117
194
347
380
255
175
208
375
12
48
148
14
299
227
359
214
340
27
202
64
237
376
134
58
33
72
305
259
80
73
83
110
156
114
45
128
281
316
98
103
264
348
178
65
353
40
235
129
65
363
180
120
52
313
252
263
97
84
64
48
137
304
236
370
325
18
151
28
81
309
22
227
66
4
121
70
198
19
378
115
274
272
275
130
238
11
304
220
135
391
222
189
202
98
367
152
105
49
75
82
190
155
131
83
363
197
269
19
107
113
164
187
94
249
38
245
244
31
91
130
117
121
159
107
361
261
227
69
10
22
188
262
117
323
25
342
77
57
199
169
360
206
356
383
128
302
144
147
278
11
345
170
227
53
211
68
145
156
246
124
275
398
23
41
29
82
176
11
128
170
151
65
338
107
235
152
31
70
97
188
23
164
217
193
13
159
171
374
26
8
396
67
77
366
176
45
51
314
382
150
278
55
265
170
366
297
351
39
232
266
216
115
29
296
1
46
112
11
241
65
88
122
50
220
375
170
352
22
356
346
150
187
40
157
201
364
291
353
336
129
156
26
213
104
286
132
217
159
20
245
137
118
49
186
186
25
194
3
29
305
267
29
125
82
381
71
297
106
195
47
356
284
279
233
120
134
184
68
223
14
270
7
30
54
149
121
235
35
300
184
323
70
90
78
396
147
21
194
295
147
119
329
101
147
208
98
393
65
176
82
94
118
304
203
83
297
164
114
45
19
192
133
335
186
303
275
306
35
144
140
156
73
289
0
206
107
396
358
298
374
34
11
0
304
168
45
361
173
99
196
326
180
390
121
38
354
26
28
274
187
281
103
51
3
132
283
156
29
245
37
323
301
140
308
162
177
22
246
398
199
24
12
66
30
192
23
218
218
190
229
111
54
198
167
26
182
344
80
279
77
313
152
52
82
207
371
86
362
174
40
166
27
22
280
129
377
117
307
156
189
56
43
131
355
229
22
142
111
290
17
148
177
151
7
196
270
28
314
70
141
113
343
390
94
333
117
365
140
159
36
391
57
116
390
175
268
251
40
189
81
181
7
117
376
219
313
46
170
83
398
116
290
131
357
120
389
215
341
332
51
53
30
146
188
358
208
386
239
38
163
110
352
22
205
52
304
5
135
86
267
38
375
222
0
148
66
12
29
130
43
329
348
217
4
374
101
49
51
267
150
205
301
214
179
161
113
10
88
53
164
398
336
362
275
17
222
82
45
119
375
388
41
279
240
91
157
386
12
347
5
150
98
284
262
253
317
170
90
175
12
86
191
136
132
24
382
342
275
155
29
345
138
133
252
317
76
374
131
76
372
170
7
24
80
215
187
293
202
29
321
111
340
78
150
184
208
212
88
192
390
387
102
217
132
108
4
351
14
5
129
390
133
124
375
165
64
92
327
64
179
93
88
354
294
7
217
350
112
24
130
212
50
55
289
368
170
32
135
244
268
68
94
243
151
4
31
181
291
30
334
175
158
102
312
133
263
126
364
398
6
165
46
237
253
0
105
195
280
175
244
132
328
393
244
48
292
257
348
32
19
386
72
183
27
356
370
124
328
339
252
75
10
145
390
145
120
194
168
51
297
210
189
4
121
83
345
322
369
154
40
310
141
244
87
16
370
166
28
101
163
100
270
391
84
183
57
61
181
171
77
180
14
194
393
69
34
207
197
389
75
13
289
139
41
2
380
239
364
263
326
60
12
347
111
393
55
210
380
344
320
144
108
144
223
60
163
17
297
146
39
393
242
371
287
142
366
103
285
90
170
308
217
8
211
161
261
292
142
75
28
341
398
101
287
113
397
12
81
150
278
106
110
122
153
286
72
192
300
124
142
156
113
15
26
319
151
253
197
102
93
69
44
192
145
145
18
5
313
53
331
266
279
47
230
281
396
295
99
160
94
367
354
142
129
293
88
101
35
79
127
103
330
157
191
280
24
353
333
89
34
273
381
0
85
162
71
165
241
278
166
339
353
197
93
15
344
167
116
30
153
304
161
255
199
338
182
59
226
144
105
105
219
259
234
388
61
258
12
378
218
347
246
363
196
65
68
22
261
235
7
249
320
141
127
209
330
127
250
192
396
189
180
196
396
151
114
152
262
62
268
361
120
375
180
9
29
112
124
260
284
122
351
136
301
33
120
302
1
74
366
38
132
134
89
19
20
348
331
54
214
98
288
282
18
393
67
179
70
312
211
194
56
163
270
124
379
10
151
88
6
288
80
153
242
48
275
120
311
28
373
29
89
238
213
181
238
341
379
31
222
39
141
374
302
36
160
8
57
56
340
386
91
324
18
225
106
26
306
165
369
14
124
125
17
101
266
16
128
179
48
334
262
16
357
175
159
27
227
143
275
177
65
190
225
109
300
192
45
134
78
350
197
226
83
7
186
139
271
81
366
253
339
69
374
209
123
90
166
294
87
128
98
392
334
20
204
62
257
119
0
298
368
326
329
304
118
85
144
57
147
339
331
82
265
80
10
50
0
168
30
92
126
279
264
51
266
174
259
153
210
368
116
237
375
205
395
157
144
16
6
200
191
115
175
60
87
18
33
344
350
181
384
103
187
45
80
54
144
111
19
55
169
47
168
153
162
170
199
221
20
196
145
37
113
167
41
126
134
326
342
109
243
333
8
264
204
268
124
27
351
353
320
65
174
66
140
377
83
127
391
1
126
193
61
237
300
322
35
218
290
88
40
85
322
291
5
334
144
36
32
162
20
172
53
307
9
385
107
204
117
191
280
356
83
259
162
173
103
266
350
352
380
202
336
138
216
393
378
152
55
341
57
279
296
55
241
300
9
289
39
52
4
77
396
2
334
138
208
136
149
144
235
138
171
396
18
288
81
58
292
78
190
97
89
222
85
10
157
112
174
65
226
125
95
2
122
29
155
376
388
151
380
57
225
317
348
332
169
10
392
185
336
94
291
25
12
113
376
126
200
393
156
227
86
71
110
68
91
125
107
43
228
13
110
103
138
351
226
5
186
355
66
297
189
142
320
357
68
327
65
3
274
52
279
328
135
64
339
27
44
185
93
218
181
184
212
130
184
377
248
326
51
59
91
11
270
355
379
25
266
115
389
315
57
168
275
69
288
157
51
142
125
163
282
271
232
96
54
139
177
277
33
107
127
396
240
251
74
113
313
296
69
178
87
117
114
306
197
380
146
329
199
13
33
395
271
149
171
133
197
163
303
306
36
355
348
291
164
330
146
119
330
309
73
316
225
2
120
63
184
89
60
41
71
8
330
294
383
45
263
182
296
52
168
327
37
5
110
125
124
199
384
191
61
98
328
186
297
192
170
6
87
268
149
261
251
358
250
134
74
358
301
79
118
72
336
148
366
305
161
23
267
28
322
239
268
93
292
179
292
67
186
223
324
393
151
97
138
157
97
71
377
15
16
32
338
85
154
191
310
365
332
296
370
273
182
344
43
33
46
19
326
56
11
297
90
128
49
312
41
126
347
232
310
45
397
354
322
70
88
381
80
40
121
76
22
116
330
281
113
98
17
377
115
338
259
60
221
374
39
70
316
318
123
200
184
278
76
64
162
188
144
134
70
191
7
399
277
225
245
302
263
162
86
383
157
339
59
350
350
44
337
18
67
11
20
79
37
16
173
379
309
3
233
185
211
352
177
286
128
61
343
125
372
265
9
133
122
180
320
131
169
360
390
2
162
148
81
357
162
124
204
177
189
24
279
205
140
133
338
218
252
143
246
168
192
236
32
141
230
357
178
66
344
35
84
161
344
72
378
218
147
363
318
390
135
202
302
304
385
66
38
193
252
113
166
315
172
179
372
329
41
152
96
175
128
306
117
340
308
35
135
10
306
188
142
62
171
232
91
72
163
17
271
106
213
69
276
145
270
220
50
17
371
101
173
17
38
144
125
284
142
344
77
298
263
154
162
206
94
65
66
79
68
304
13
99
355
146
168
308
312
381
19
318
304
377
153
240
43
11
68
204
199
105
62
6
307
74
91
205
310
162
390
109
249
240
247
3
199
69
284
383
180
338
326
385
45
15
23
24
104
303
43
260
19
274
105
151
49
167
180
75
101
62
225
95
7
376
331
354
395
331
247
13
108
41
295
262
356
350
210
337
186
52
161
182
257
25
178
195
180
212
12
223
148
30
307
135
241
145
95
11
219
161
345
308
35
353
182
183
348
277
283
386
278
94
94
364
155
291
158
113
167
68
225
171
83
131
54
132
61
390
274
60
390
330
68
348
284
378
114
81
247
49
68
62
55
252
140
193
43
174
177
163
265
235
328
39
263
288
283
180
355
62
339
16
92
317
317
387
375
96
74
151
241
130
21
256
112
133
207
213
59
391
297
387
245
130
351
328
81
44
58
93
158
40
386
327
207
157
66
351
86
88
137
316
6
182
285
85
378
201
130
180
233
317
24
338
54
382
246
24
130
47
112
92
194
244
208
163
308
77
26
73
169
94
348
81
38
150
321
312
187
203
33
231
189
288
150
43
256
79
50
92
144
164
207
193
163
50
100
360
147
9
134
375
142
283
223
106
307
7
65
97
292
97
9
100
132
354
124
297
319
90
68
26
0
21
319
243
219
262
192
149
180
228
195
159
218
313
43
323
229
282
62
189
123
107
14
166
172
347
128
148
16
93
307
158
391
97
307
22
215
389
2
110
237
334
286
101
17
12
88
396
165
38
77
381
319
131
198
69
111
18
10
265
18
160
217
107
25
249
325
110
61
219
31
70
213
220
120
339
27
277
198
64
79
191
156
354
284
148
55
189
265
153
127
192
194
280
21
208
191
54
189
149
309
33
392
265
14
80
336
140
13
247
135
6
306
7
364
21
327
254
32
368
29
49
170
258
12
307
40
379
192
75
315
200
244
240
72
183
5
130
140
166
218
54
219
84
300
152
356
208
353
33
102
195
286
308
148
18
108
3
87
172
133
41
232
379
185
224
331
82
356
36
1
112
52
77
273
328
361
331
35
321
176
85
188
231
17
251
37
66
5
29
5
171
353
179
330
210
73
189
218
335
377
267
60
44
20
226
336
363
146
213
350
159
174
124
256
345
12
102
257
154
74
231
92
125
334
337
109
136
200
198
48
327
130
58
383
220
64
278
18
340
187
194
19
370
378
341
109
50
27
71
393
100
259
15
54
248
243
38
171
36
377
100
93
362
192
23
92
15
219
39
81
373
338
232
77
375
197
93
95
45
131
185
207
392
358
12
126
132
60
2
357
42
145
367
248
197
375
300
192
36
124
310
163
243
382
224
88
233
46
254
357
296
259
71
131
43
232
239
323
102
248
51
32
329
132
77
35
299
383
48
109
128
381
376
170
293
89
84
237
321
354
55
81
269
137
74
361
43
62
48
391
240
157
100
387
61
261
15
271
159
153
2
12
394
193
204
291
11
290
137
7
117
64
261
6
305
390
176
19
180
3
92
76
398
58
86
126
252
86
181
297
104
250
120
4
315
169
202
259
176
191
71
107
348
354
31
12
71
101
198
61
171
83
211
16
137
333
309
261
239
288
276
228
158
18
227
369
274
26
40
175
6
339
18
57
171
347
148
79
384
142
363
232
342
20
127
37
123
104
148
176
109
276
247
94
165
303
7
149
156
54
16
344
341
66
335
47
0
354
88
140
88
131
203
188
127
247
399
267
187
7
88
303
51
88
301
252
194
198
272
13
387
305
134
148
118
192
316
107
195
106
222
74
118
111
250
265
275
365
302
263
69
146
221
124
391
70
95
384
115
172
213
49
183
80
57
55
127
63
257
304
296
97
197
331
71
337
167
244
162
391
41
273
154
169
27
151
96
31
153
229
66
108
72
69
208
178
270
141
197
22
22
36
54
33
287
44
177
254
18
181
121
31
152
43
205
114
84
205
198
188
211
189
62
239
30
196
104
190
310
371
118
37
127
82
255
36
112
307
46
64
354
311
156
68
298
14
93
389
310
372
110
99
179
1
5
127
398
338
81
333
100
219
48
205
271
294
161
314
38
149
36
10
111
118
18
275
267
338
69
1
386
185
154
47
132
370
231
385
117
344
323
266
217
136
380
197
368
304
107
308
274
16
219
331
131
204
156
43
242
151
188
292
248
364
9
115
73
364
64
302
209
342
131
257
301
209
178
285
30
124
112
291
16
164
290
151
27
227
4
23
116
175
253
309
203
59
287
139
4
189
185
330
233
167
57
142
69
22
125
39
83
342
343
285
75
335
136
374
319
324
277
177
15
146
140
8
93
73
247
161
151
149
50
378
160
111
145
60
59
77
137
353
102
146
189
327
90
377
29
51
203
156
79
108
38
164
280
50
363
338
156
160
105
148
117
57
211
370
185
219
199
23
105
135
25
362
10
70
30
138
186
349
193
3
292
18
214
8
106
115
20
149
200
346
97
125
322
6
72
14
306
39
305
348
357
356
49
129
293
40
388
377
265
226
212
139
33
321
359
146
17
195
88
306
210
110
129
343
37
65
24
195
65
348
98
98
34
70
58
59
276
268
32
350
198
397
89
127
293
386
10
216
164
113
286
105
129
307
183
282
206
321
212
32
399
142
52
359
175
324
58
357
214
273
203
332
220
65
139
256
292
75
255
199
20
217
149
195
48
36
192
234
163
398
144
341
70
66
160
121
194
61
383
187
348
150
53
168
190
122
264
173
115
255
215
69
120
4
42
124
123
275
38
74
45
159
49
186
132
290
341
14
220
124
377
69
195
63
107
82
93
197
236
28
120
11
259
341
397
161
45
103
267
92
34
139
26
335
199
150
131
83
240
64
315
276
38
288
89
22
275
122
266
212
238
360
137
281
323
184
50
326
18
265
127
33
67
94
102
13
312
23
243
274
78
329
28
64
111
191
147
55
21
113
325
44
333
201
283
242
388
351
42
224
218
363
27
198
359
343
11
52
94
233
152
391
38
207
12
349
384
366
115
350
343
135
204
358
145
209
89
285
173
127
54
147
196
123
17
98
57
160
345
348
360
273
10
52
150
238
176
143
160
244
140
161
318
75
30
388
131
179
318
230
63
390
238
97
280
6
122
103
224
169
283
331
279
15
186
302
68
95
299
142
64
257
49
21
43
233
141
92
69
249
387
86
223
287
38
91
11
292
208
227
178
307
316
110
89
89
166
197
67
151
29
169
172
110
201
25
45
170
353
158
383
47
203
161
377
396
318
291
1
158
93
325
317
38
34
349
77
18
107
286
98
324
355
107
30
2
389
128
133
50
374
56
222
155
78
304
276
158
188
10
108
175
346
183
163
89
15
91
298
185
42
33
126
167
364
108
328
302
18
353
181
126
234
385
236
349
62
375
170
66
328
72
6
162
131
245
163
177
366
299
26
31
95
123
64
210
38
84
18
292
293
168
167
97
116
118
337
58
95
101
155
301
225
100
96
196
23
274
117
336
25
226
342
48
48
100
67
27
165
18
304
383
307
94
293
58
199
94
297
343
175
395
105
112
359
366
298
66
307
176
190
308
210
41
355
18
389
103
125
56
8
38
255
171
303
300
352
82
370
387
73
278
194
247
151
252
95
47
275
180
115
356
3
31
117
243
387
25
246
205
198
119
188
94
199
182
128
103
54
192
8
119
218
216
323
196
354
227
272
256
257
277
220
354
162
65
46
140
14
100
355
274
346
78
107
354
182
129
186
168
31
39
45
124
0
124
230
39
370
11
247
94
44
87
330
118
68
157
174
60
273
182
216
287
354
69
22
195
311
91
86
321
36
74
337
154
139
256
302
188
389
156
187
133
393
315
36
115
324
162
50
214
17
53
116
350
321
324
53
203
139
284
135
310
174
103
129
62
355
184
99
10
256
128
380
159
175
223
45
77
30
88
152
95
106
125
27
126
40
183
16
147
296
161
68
260
156
225
391
108
197
201
340
211
93
281
359
215
250
198
177
105
304
231
66
338
6
8
174
119
158
360
13
47
157
178
237
75
63
188
170
79
392
186
358
93
232
349
258
364
384
242
108
181
221
185
169
1
126
322
227
87
276
119
245
179
282
171
83
156
333
176
134
111
388
12
194
161
23
25
189
188
32
138
356
370
45
186
24
21
283
115
119
340
54
165
312
1
177
296
72
164
92
87
180
198
261
232
52
72
98
352
118
173
317
170
135
117
93
76
13
372
36
179
188
137
1
248
36
111
93
139
126
271
176
11
105
112
46
190
398
351
88
388
79
212
17
259
237
385
82
197
184
23
140
115
34
282
204
2
212
191
1
107
87
62
197
68
290
294
371
32
304
158
40
80
137
291
286
223
131
218
377
130
171
54
162
166
70
20
30
116
96
115
44
31
179
192
11
359
164
326
162
114
188
92
350
385
57
284
266
23
37
68
82
350
185
111
334
115
1
121
194
30
65
166
93
186
2
183
13
263
84
129
36
50
36
207
310
124
94
242
290
76
162
317
20
310
3
395
353
207
298
42
374
214
47
371
44
278
234
116
200
324
64
178
325
191
311
125
63
28
382
318
224
175
187
395
233
113
169
131
116
216
379
177
53
283
171
351
163
79
70
98
141
183
340
133
358
253
111
123
282
168
98
229
190
109
218
261
216
172
105
169
154
123
290
64
8
13
53
79
396
68
80
96
283
103
351
46
55
80
20
217
130
34
65
92
397
89
88
282
203
88
391
373
72
202
298
62
33
239
393
198
53
65
267
11
25
208
79
76
2
38
165
267
150
109
325
324
296
274
320
299
340
27
160
68
331
5
199
38
260
184
83
252
174
363
352
161
7
200
168
230
260
199
233
123
375
22
124
126
172
198
185
20
293
118
40
117
223
61
20
99
100
61
269
40
193
284
326
51
363
306
245
243
371
190
301
39
38
236
247
286
125
326
34
392
351
156
89
354
198
279
241
176
2
9
165
24
208
263
92
134
6
204
183
82
13
247
217
221
111
260
85
177
111
370
195
189
91
60
97
290
361
60
165
385
34
335
326
124
104
77
325
123
87
102
252
129
296
249
139
182
163
131
155
243
93
370
291
120
268
282
85
291
83
324
50
109
26
313
22
235
176
166
42
194
282
341
20
107
347
92
112
313
285
346
285
215
280
49
211
22
157
247
77
18
382
34
80
31
186
122
250
61
399
357
108
292
103
75
200
332
186
352
9
163
145
58
207
83
184
83
72
163
40
337
130
317
23
135
178
6
133
126
353
59
327
80
214
166
386
86
130
133
172
260
66
254
378
369
105
132
213
23
37
213
365
184
379
79
356
198
280
43
370
175
21
394
255
331
390
360
260
136
334
232
242
165
162
80
230
344
36
277
236
120
314
34
20
231
290
68
366
98
322
197
83
262
126
76
106
197
5
197
68
168
275
319
192
336
127
131
55
22
53
199
340
218
235
137
327
395
226
148
386
18
91
332
99
43
29
342
26
303
153
278
336
211
347
53
92
151
348
162
196
52
200
374
81
45
124
54
64
196
351
79
128
55
81
21
356
159
231
243
374
376
48
15
176
18
271
54
300
52
338
341
6
138
105
116
290
393
86
250
100
300
186
366
90
153
164
131
66
322
14
67
244
368
321
206
378
104
349
309
77
131
302
314
162
133
142
367
148
305
25
41
362
192
360
111
158
108
102
35
266
89
158
335
152
338
398
182
21
16
286
121
261
53
315
103
245
369
197
228
244
97
33
397
359
347
7
325
227
305
108
242
155
18
288
158
219
90
122
245
209
67
225
171
163
268
380
112
319
388
17
234
121
141
352
103
368
396
5
220
247
297
14
27
41
70
26
195
389
9
321
349
336
2
242
319
231
28
311
214
59
121
12
158
184
354
262
38
362
269
379
53
192
399
372
172
382
45
11
371
111
60
180
162
267
175
12
173
170
266
306
357
13
311
158
17
279
209
270
165
220
26
282
214
178
190
353
155
282
333
169
57
311
289
82
125
128
135
146
8
112
34
228
230
306
144
286
329
79
322
119
120
91
381
37
322
203
25
374
151
281
106
114
335
140
295
295
303
148
285
91
276
282
288
135
140
339
109
219
346
136
176
96
310
123
269
100
29
22
276
54
322
381
44
167
84
354
26
259
161
88
291
151
361
49
254
336
109
174
195
125
156
111
260
123
191
89
382
60
101
262
23
198
101
185
362
2
127
388
55
68
27
182
321
4
99
285
163
88
61
267
66
143
31
263
37
253
0
84
106
130
75
111
253
368
84
72
19
387
78
171
105
293
135
268
188
362
35
20
168
84
53
222
59
193
147
43
79
96
282
250
181
312
180
82
122
331
175
42
162
350
193
240
209
395
31
70
122
265
158
296
127
154
96
151
345
253
185
95
161
316
328
106
102
59
82
113
149
156
125
164
268
131
150
88
24
116
144
263
294
363
389
110
145
73
19
95
228
319
149
277
68
374
184
377
55
364
149
144
116
162
306
68
198
391
133
38
29
237
25
198
136
132
105
105
308
95
69
362
38
349
195
319
291
224
49
133
34
158
262
397
303
161
391
396
20
95
184
104
193
296
317
311
318
241
277
198
58
53
87
5
249
52
41
80
198
363
130
140
317
312
177
166
335
53
117
34
346
60
232
116
340
327
323
246
32
258
303
11
277
139
133
186
348
96
359
365
382
234
118
194
114
7
13
398
306
302
299
257
11
226
23
393
202
169
215
186
243
179
347
58
8
213
173
144
222
63
276
93
77
176
134
397
116
328
64
279
115
11
341
94
52
0
191
29
39
293
131
37
77
26
258
377
84
96
166
64
211
346
299
125
172
194
52
84
195
300
158
74
243
297
33
378
141
312
381
373
165
55
291
286
251
174
67
35
141
247
101
187
37
150
36
87
374
31
195
171
83
6
31
268
378
342
235
166
3
231
133
135
316
94
174
124
258
321
151
242
88
255
132
7
372
201
280
219
160
144
5
381
116
249
140
183
193
277
264
96
243
183
11
130
284
182
104
333
313
364
23
95
273
365
299
307
137
58
21
115
27
66
106
73
308
340
384
50
223
201
53
129
228
213
335
182
142
375
91
215
89
235
96
1
4
209
175
143
62
154
71
255
22
72
351
3
63
359
350
284
356
118
82
233
84
382
47
47
79
60
260
21
398
93
334
54
226
368
306
103
59
301
320
329
79
237
219
130
25
166
70
322
149
302
288
296
313
126
16
51
250
300
372
142
192
165
171
228
100
81
264
104
11
56
392
184
176
236
153
11
294
396
323
163
302
219
30
88
161
51
141
336
36
40
77
144
183
41
188
188
129
35
92
170
230
178
108
186
195
332
98
77
28
181
337
163
350
251
218
81
7
16
213
189
378
142
81
153
236
383
392
4
347
107
63
127
21
4
168
253
224
296
398
46
298
147
80
112
54
127
359
209
238
187
324
392
35
212
94
60
220
25
228
155
171
8
178
267
112
78
316
40
271
367
193
23
33
99
30
116
378
341
286
328
297
81
158
37
143
260
123
179
264
64
291
79
119
119
291
196
150
103
50
50
85
393
359
391
9
145
356
201
193
191
192
292
392
72
129
8
82
2
94
55
163
333
146
149
55
225
196
382
124
286
66
331
201
352
152
397
237
169
106
133
346
40
117
200
223
244
209
347
106
122
370
305
65
38
89
39
213
94
124
199
392
133
386
85
108
195
379
300
263
167
132
382
264
160
58
200
39
105
166
60
122
38
362
298
359
341
191
104
278
276
231
196
217
132
274
299
72
98
202
329
110
104
379
16
191
380
319
84
199
163
398
391
240
160
330
25
158
389
182
41
22
4
47
125
168
116
89
106
375
127
55
340
65
13
79
58
341
354
242
275
270
21
172
313
7
41
180
226
344
122
147
146
57
279
374
261
137
56
156
115
125
47
185
313
24
66
31
4
291
181
3
94
79
0
160
178
378
352
252
104
269
256
3
51
238
66
239
62
340
101
177
179
246
135
2
20
112
68
86
28
146
312
120
0
208
89
68
376
246
360
173
359
296
352
313
156
60
221
301
275
122
29
37
310
5
63
84
353
303
344
249
316
250
1
144
254
381
391
16
195
394
147
346
107
356
133
380
313
397
91
251
362
46
22
56
335
35
117
389
393
155
125
334
138
99
379
128
324
280
16
222
391
108
82
286
273
16
260
58
387
106
335
119
389
246
166
93
120
203
88
173
199
132
118
159
28
55
392
201
152
396
25
109
54
156
82
288
193
310
308
218
12
86
315
283
360
303
389
75
75
362
287
386
116
193
359
90
274
248
309
137
52
389
354
135
389
328
113
219
231
176
130
208
24
305
41
196
139
155
104
150
38
24
242
57
8
9
161
344
65
242
361
383
151
134
18
7
116
398
160
26
207
74
249
328
376
131
23
113
311
5
45
204
271
283
250
175
189
378
126
1
373
132
47
126
261
6
86
306
132
265
94
130
277
255
122
304
13
130
200
95
136
193
58
256
11
225
315
48
198
116
196
228
120
187
300
127
263
9
221
229
91
64
379
144
257
290
81
149
40
186
117
96
95
302
66
175
85
263
141
114
105
342
229
272
98
347
58
327
284
103
90
39
96
199
333
6
81
128
278
194
379
219
269
216
19
373
334
23
187
217
274
228
139
86
114
279
251
284
3
137
84
325
205
281
362
4
159
314
158
30
183
275
330
68
119
93
273
1
21
175
103
330
325
226
304
146
38
123
238
6
282
102
303
114
332
375
387
366
1
171
208
339
139
108
86
167
190
171
41
215
396
207
174
66
28
9
322
97
319
45
205
380
361
350
68
298
328
148
246
137
327
326
172
344
277
286
232
255
208
127
52
176
367
14
89
133
172
148
205
379
32
37
273
0
197
242
158
237
136
269
109
159
225
162
44
202
305
372
128
252
95
23
75
3
335
180
299
240
24
55
327
271
150
143
170
171
305
338
195
398
358
141
90
288
394
78
112
79
60
309
126
141
287
255
170
104
310
63
199
365
151
266
164
138
205
153
213
338
279
241
125
62
0
119
339
6
21
204
40
20
227
298
52
114
127
333
54
125
371
396
293
81
297
327
149
369
156
46
296
38
332
95
130
169
55
89
241
159
278
86
138
149
129
55
385
270
62
161
75
95
217
236
81
36
297
327
299
306
101
92
271
132
170
41
281
65
65
87
73
136
288
213
370
86
149
58
149
205
369
62
393
348
332
210
105
155
15
148
304
318
322
128
8
97
15
299
149
218
324
328
158
46
147
123
293
92
236
78
353
20
205
234
165
13
180
252
226
367
346
275
335
316
147
306
54
127
341
352
259
9
144
394
77
313
335
184
260
124
49
376
328
109
127
384
9
322
95
320
334
136
33
89
75
155
250
269
52
262
331
70
71
81
160
127
179
234
117
69
77
116
338
80
161
64
219
319
68
67
128
119
90
321
231
162
30
206
270
187
190
208
124
54
305
346
195
385
385
194
255
251
108
307
115
304
153
75
294
29
266
181
128
123
53
27
17
148
182
31
92
132
120
3
330
80
192
255
67
361
331
188
361
281
120
19
15
380
294
97
9
363
175
258
196
321
155
135
337
194
256
59
273
100
341
85
301
16
30
148
4
362
334
104
18
253
72
285
355
304
71
90
89
149
197
379
267
108
204
275
288
393
149
320
255
266
367
198
279
102
353
179
144
123
296
226
156
72
356
151
355
286
164
390
54
309
192
251
46
336
126
49
205
44
82
339
276
283
385
29
300
174
271
99
136
56
65
233
95
4
1
106
35
202
375
89
69
38
188
380
71
138
193
69
130
138
288
234
399
270
159
366
306
46
115
194
22
373
49
53
11
316
189
26
324
396
68
318
123
31
70
46
27
184
33
237
89
40
236
15
244
288
125
95
122
124
49
319
212
76
83
345
339
342
289
381
92
146
299
383
189
222
204
187
397
145
49
80
343
73
272
77
285
112
270
154
58
338
107
276
86
368
140
176
352
126
184
252
213
186
347
11
20
175
361
329
7
153
142
230
364
24
340
57
312
388
16
16
82
279
82
271
88
348
58
105
378
119
176
92
304
198
90
13
169
291
232
76
130
45
153
15
332
304
157
26
358
370
188
184
73
337
57
337
273
357
220
17
51
396
317
155
348
226
310
377
54
107
378
375
23
281
98
110
260
180
19
313
1
74
60
172
116
162
56
158
61
229
33
125
263
177
10
90
394
331
185
194
388
169
179
153
143
158
366
185
146
240
182
239
143
259
276
344
227
119
156
115
81
58
27
114
125
321
355
149
43
86
370
15
363
378
164
166
