1781
2673
3571
2081
3053
2079
2082
1056
551
2887
1757
886
965
775
1184
74
3653
870
2979
2582
2875
587
3682
878
69
3786
973
3782
2687
3052
3086
581
1076
3384
2976
752
2480
1249
877
990
2965
1152
3253
1083
671
3252
980
2974
989
3879
3157
2876
852
3883
3676
1273
2151
2486
3367
1374
2874
1467
3387
2078
3573
2181
2976
350
3180
3971
2766
983
786
1376
2569
267
649
2967
783
857
1883
80
1171
1750
2473
869
950
2584
857
2975
1654
2755
1753
2369
3867
3678
2257
3657
3167
2585
3951
2684
3480
1386
3784
1876
1556
3553
1670
1388
2069
2866
1184
877
2948
3276
3157
1083
1090
3671
2952
2676
3767
3669
1752
2883
1665
3488
957
451
853
1451
757
3987
278
2250
3669
3656
690
1686
877
2987
567
2850
3571
3665
2886
3178
1475
3357
986
1952
1877
2576
2965
56
670
284
3265
2967
570
1050
3749
2768
1189
1672
3856
1972
1672
2286
1181
86
3183
1378
266
775
2865
1754
880
2876
2266
2979
3465
1156
3780
1586
1774
1187
1365
686
1289
2857
2649
585
3854
289
1376
3067
584
757
2951
587
1474
856
389
1570
785
756
3353
1487
2568
2670
1675
1283
2553
1183
3051
3056
2788
1684
1552
1086
648
3573
1649
586
1077
1948
3082
2889
681
785
2751
3086
3076
382
2455
3580
768
2956
1670
3774
3987
3366
1652
2080
1069
1680
3553
754
590
783
2984
1184
3171
3387
1070
878
68
3588
1689
2553
2990
756
3969
976
3086
3672
3348
2849
674
3383
880
886
2374
2081
870
2788
1185
3257
1150
1757
2174
1482
1590
984
490
2876
3852
1550
2475
686
1576
3052
866
2079
1652
1783
1687
2466
2579
3651
2885
1348
1078
1786
2953
3673
1081
967
570
586
2866
2583
2485
3566
2886
1055
84
848
83
657
1588
1977
1467
3675
1769
875
2554
882
1584
3987
3066
3390
3269
2079
1550
1181
2686
972
1671
2980
1072
3553
3555
877
1274
2789
2854
648
1273
587
2754
3369
478
2882
1773
1767
1872
3671
3948
2773
980
784
282
1484
1251
3474
3957
3881
2887
2888
1181
1051
1375
448
3086
69
755
2855
2965
675
1067
2676
2675
1448
3157
1887
3887
2948
1649
2976
3783
3287
3151
2848
3949
2771
187
80
1776
1680
2777
1048
173
3685
1253
2467
371
1487
950
2466
1580
273
2377
2277
1771
3669
286
967
3281
3948
3887
3169
972
2757
1784
3168
2685
2574
668
3165
3672
2876
3649
969
2571
480
988
3979
1372
1577
2984
3085
82
3288
2971
2673
3175
3066
583
3988
3648
2680
3070
1070
176
2749
2249
2781
3269
587
1480
2873
3466
3156
869
966
3070
2652
3152
2551
2775
1483
1388
2785
576
679
2981
886
2752
689
1652
3350
3689
1549
152
1273
282
790
3174
3487
972
2589
776
1079
2889
3373
189
482
2755
1989
3454
2679
1257
1170
388
851
257
2957
2668
2478
2755
754
3085
1755
3183
2354
1569
548
1049
1457
468
1856
3186
1079
578
2782
3556
1375
2154
2289
2055
3753
1079
685
3365
3681
2856
1276
3857
3075
2977
3882
1378
3586
1490
3457
1079
1172
1073
2877
2687
849
3873
254
179
1672
2550
1649
3685
1272
1051
2150
2682
2749
2870
2855
1487
384
3289
3471
1055
1353
890
3283
1385
3183
955
3276
3952
3084
288
1150
3349
956
348
2953
572
777
1566
1449
1473
3853
2587
3552
1367
2078
3187
1072
876
970
3955
3884
3382
75
3248
3557
3251
267
3072
1251
3769
3689
2884
3770
3148
2975
3168
684
3152
2879
367
2782
3555
353
2085
3369
1369
3555
689
3484
1990
3565
769
1654
1685
1553
677
580
3149
3348
3252
769
3056
668
1284
1657
865
2582
387
2570
1053
2670
1187
190
587
766
2467
3779
150
453
1474
3655
3549
2965
449
3686
950
1286
3871
1971
2668
3276
2790
279
1289
1456
552
2573
2977
354
579
571
3071
484
1449
2954
1165
1454
1067
2852
968
2254
2850
3569
1067
2367
3375
1648
1070
1173
1381
3256
1684
348
1989
2566
2279
274
3078
2752
3072
3268
3077
3373
787
3766
249
1056
2390
1283
1587
3053
2977
2973
977
2880
1990
2949
2876
3967
3366
1850
1251
1670
869
1356
2884
1750
3284
3282
3276
3668
787
1067
3278
876
3176
3070
3471
581
1482
1786
2753
181
2350
381
582
2067
3956
749
3865
1676
1475
2972
1285
2755
2589
1175
1649
3072
884
2869
266
352
2875
3579
1568
1166
2752
1072
1272
2970
1166
3450
3266
1984
1178
868
3067
948
1989
857
2054
1048
3452
2775
1070
566
2178
3090
3855
1467
3165
3654
56
3072
789
2650
685
3482
1051
1483
2773
587
3748
1778
1954
1148
3666
1865
578
172
3681
1975
2986
2754
1473
1551
1654
2577
565
1386
969
577
2851
3151
3451
3079
2550
252
2678
2055
1490
1080
3890
1370
1488
254
2374
2478
1765
3582
1984
3681
284
1483
2969
3489
887
2465
3053
1069
2955
2549
3589
3374
2588
989
2976
2156
1251
366
852
3772
155
672
2471
3765
3769
2279
2165
2789
3981
3666
1475
3251
3787
2780
978
2886
67
572
872
2974
3790
385
1374
3887
2553
1153
3852
1357
3471
1266
2848
953
173
3584
648
2852
3170
3048
969
2473
3677
2873
3088
986
555
3773
2588
3373
2652
2050
1484
3251
1350
2680
2856
3581
479
1079
2581
3752
1454
1874
2057
1067
669
3290
1680
2579
3278
2966
657
1588
1688
1049
2574
3548
3851
69
3490
973
1570
3874
888
1853
1783
683
1356
2650
3065
956
2872
866
957
1382
489
3276
1650
455
3775
177
1068
3890
1572
1589
2988
1448
3690
851
1777
2976
2254
3467
2771
2954
282
3288
1675
1388
3670
2951
1055
1086
3686
3176
2281
757
684
3090
971
3050
1574
3088
2890
1777
1772
3475
3385
3981
770
1478
768
3665
887
3084
3773
1269
1378
2388
1368
3086
3269
1072
2079
2574
2680
3667
1771
2653
3276
1577
974
2871
688
53
1073
2873
1786
1972
2984
3071
776
875
2184
955
155
2271
1467
590
281
3078
73
781
783
2588
2456
2965
2852
256
373
2178
3288
3055
687
2371
1789
2054
173
990
3079
1687
2888
1373
383
388
3276
554
2787
2968
2051
1790
482
2670
275
3279
2579
3150
1478
1267
3782
2790
3681
751
70
1289
3876
882
1173
1055
3651
273
589
70
2680
1777
3969
990
953
848
2272
3257
1890
967
1687
3265
2675
3586
2069
1576
1182
678
1870
280
72
986
948
1286
953
2256
368
3984
869
2676
782
2566
777
3078
3474
3370
3183
2480
3284
3179
1381
1472
249
3073
976
1081
3570
3772
1988
3075
3281
490
1181
1677
2965
889
1690
2876
272
2074
3452
2651
2454
2948
3248
1357
2287
3584
2880
1480
2176
675
984
3556
1166
49
3469
3466
2983
2779
1167
789
3056
2784
1157
1785
2877
3050
2287
3674
1274
3871
3267
1787
2779
680
3068
956
1388
369
1372
2980
3572
2451
2965
2748
1379
1567
2871
1349
3368
3490
1548
65
2577
2055
2868
3477
888
778
2987
2250
1682
3354
2479
2983
884
2771
3370
3379
3055
3151
1179
3671
851
2877
1179
1156
1690
3172
2452
3879
2083
490
270
2756
865
3574
3070
277
555
650
3067
3788
3053
2748
3678
267
1549
1767
3652
1079
1152
2880
3185
3986
1176
448
2854
2090
3351
1568
2954
3375
2568
3276
1267
1265
2352
982
3353
1469
1187
2085
1854
675
3978
1570
3454
3070
2884
1787
1655
2455
884
2574
1977
1275
2857
3253
2652
3948
3872
470
3272
1089
2867
1773
977
1787
1072
2751
3779
3089
2186
3669
3473
1048
3884
2281
3075
3780
2090
1090
975
3555
3054
3548
3053
257
3672
1582
980
3682
3682
3266
3649
2585
1067
551
1078
875
471
3487
3367
3867
2766
490
2573
266
1478
2790
975
2770
271
574
1171
1586
1269
379
2681
3088
2787
3069
3584
389
1085
1851
1253
1286
1655
872
1585
669
472
684
656
985
1354
984
1070
2189
1079
2956
2579
678
3790
3289
2466
69
1576
3376
3686
2681
3785
2882
966
3752
688
2069
3589
3672
1687
2389
2957
985
2549
653
68
2555
3378
1470
2987
3983
257
1987
184
2870
2966
3674
770
3281
3677
1880
2854
2576
1550
2653
3375
1578
3654
3751
2249
272
3484
972
3484
978
3380
3871
348
51
1189
1469
1274
948
2256
274
1650
369
1375
652
2857
1482
3066
2677
2951
1077
875
969
3488
2885
3967
1951
3176
3678
3054
1075
867
3253
2668
2368
3550
1587
672
3957
1784
1569
2180
3678
989
1481
1085
3354
3181
477
1185
3078
2565
3356
1087
881
986
3170
680
1569
3772
1181
1389
1469
3756
3880
2588
2588
3248
2582
3748
2875
3090
148
754
2049
878
2751
852
1487
387
1265
769
1548
882
653
3473
855
3552
1654
56
1370
2585
3279
3178
1451
852
3768
684
2779
485
1084
666
1469
2773
1686
2985
1552
1075
1648
2165
2983
3282
1972
2448
1267
3387
883
1770
3351
3049
285
756
872
980
3190
3379
270
890
1151
2956
174
972
2782
3288
2849
1479
1048
854
3578
2967
1671
1879
867
673
2684
1583
3172
1389
1448
3057
1184
71
969
2986
983
2948
3373
3384
775
665
2880
3865
3573
1454
3273
1266
2580
3266
2985
1284
679
1586
1679
372
2788
3683
1749
965
1071
2977
1086
2657
1584
3773
2966
2756
1065
2686
3570
2990
556
1576
2974
77
3188
2967
868
689
1789
2687
3178
1775
2880
1177
3356
482
652
1372
783
1252
2580
2452
2487
2688
2548
2785
3568
1072
753
3549
867
3253
1689
1155
3454
1151
1281
3279
2653
253
1687
3087
2971
2085
654
855
3069
72
1053
970
3165
3389
2875
1652
3769
3471
2153
3152
3773
2268
256
1076
1084
1579
2084
2867
868
2787
1253
1166
282
2577
3788
3466
1987
1454
3152
1370
3581
1290
977
3478
1077
2774
3652
3370
2751
2988
2881
2879
3848
3389
3189
3187
3649
2080
53
3255
1066
3681
3775
2674
548
2381
3777
1874
2582
1751
2750
3153
2884
3473
2768
482
3189
2155
3452
1070
649
1057
2848
71
1490
3272
1866
1048
3084
2448
1479
2978
3352
970
2478
3368
575
2877
3489
3569
2867
3154
866
3083
171
3050
887
372
2165
271
2856
1251
3285
3584
1654
2356
3389
3180
1955
1585
1281
3189
389
1084
1974
2878
780
3181
3354
2889
74
71
2068
3069
765
3786
986
678
3377
1780
3553
985
1075
852
2886
1787
2949
349
3382
3456
2150
1055
3478
2379
2283
1165
1648
1589
1267
383
666
2375
2273
177
789
2982
965
3587
2372
1170
3782
271
1686
756
969
870
3249
2487
2981
887
3085
368
3273
2176
2268
879
456
154
1782
3649
1765
1866
3385
1277
2857
1548
2888
2948
3069
2070
2372
2176
1155
266
2284
1451
1457
881
3980
3767
3180
1679
3678
3389
77
571
2375
3470
1176
2683
1772
3766
3476
778
2850
1384
2578
1286
969
989
3879
870
1052
950
2383
3055
3051
3753
2549
971
2880
2165
2651
569
3454
2779
151
3182
3053
1074
3385
3555
1686
1576
1789
3279
1748
849
471
1851
2776
972
376
1589
3288
1476
2981
48
2965
1568
1577
2890
386
3251
3654
2679
1048
1270
3984
2973
2370
3386
153
573
882
255
166
2150
3687
3352
2088
1776
1083
3270
1881
2186
967
1457
2868
1688
882
49
674
1388
1773
768
1056
3857
2373
1051
1283
2448
3253
2349
3081
2786
265
2957
2685
1086
1490
3288
3085
3465
1180
3065
2780
2251
3274
3348
452
3784
3184
853
1949
1090
3873
1449
1173
3254
1354
775
450
1885
2954
3565
2948
2253
769
3051
2489
2966
1171
276
1372
3351
3048
3366
369
2984
3371
3472
680
1879
2871
3252
1967
3579
1665
685
2172
3186
565
3683
853
2671
2085
3765
3587
1175
3075
1953
1080
3086
2385
3553
3056
3057
854
3884
1566
3054
354
3357
2277
2882
2051
3077
1350
1078
1765
950
3274
3373
589
2568
2774
2888
1368
2872
2269
3385
1682
2586
473
2568
2870
1266
3150
687
2270
685
1266
951
3771
1650
2585
3573
1486
1683
249
2990
3476
868
3974
1286
553
3756
2571
1185
1476
2276
972
2766
1082
1153
3786
1584
2849
674
3475
3789
652
1289
676
3671
978
374
3486
1350
2984
674
957
1487
2784
2848
1049
1656
3456
3675
3151
2776
3584
3269
3053
1775
3775
1080
1378
2689
1552
365
850
3748
1657
1165
885
1965
978
3048
483
2886
2975
367
1356
3581
3057
1268
2071
1273
2375
3352
3780
3184
2854
1074
2782
3851
1053
3485
3157
1069
988
3678
1689
3987
2966
1390
2377
674
1869
3777
187
873
553
1048
2368
3790
956
669
1679
2881
3771
472
1268
256
590
849
1280
3068
1471
1680
775
3888
749
250
2773
1952
3456
3778
3353
3783
3457
2682
2168
987
957
3086
982
2484
985
3885
2183
981
1067
2749
1778
868
1169
1474
3655
1250
2476
3956
2472
3048
1956
3671
579
3176
3883
3065
2353
173
2790
2676
255
3576
467
1256
3857
3380
281
1953
751
1355
3755
2882
1283
1352
3774
3954
3066
2177
3370
1287
2857
676
1467
3574
855
1588
1350
2770
3153
357
1082
2949
3172
3475
3074
2688
1476
3466
1766
1951
171
1579
2656
1469
2487
787
3974
878
3472
1888
1854
1271
2784
2553
3478
2966
2855
1175
2366
857
2283
1168
1375
1381
83
3188
556
3665
1148
380
3950
669
2485
2853
1680
2951
377
3079
3948
3756
3287
1167
974
2085
3767
2088
1667
2987
2278
972
890
3372
1676
3983
2778
3575
1389
753
767
2866
3387
1583
3067
77
90
2881
3765
848
886
878
1786
1072
3074
651
2881
1279
3056
276
3367
3176
1666
1986
1690
1388
2289
2053
771
2553
1549
971
2679
948
1188
585
851
567
1074
1275
3066
856
2888
1082
53
886
2953
3074
656
1074
3253
2486
1355
454
2750
2968
1957
3682
3154
755
3381
1085
876
3968
872
1048
453
677
851
1080
1666
949
574
1149
3184
2288
3665
2684
1076
2752
966
1086
3172
981
3072
2172
549
1256
978
1184
2048
67
2381
3880
1148
1681
757
3476
2976
3068
1066
2589
384
2556
651
2870
1081
2789
2075
1189
1873
3066
851
2049
3585
1275
1556
2455
3473
1749
984
2851
868
2770
2587
2248
2267
180
451
882
1148
3366
1075
2769
1548
578
2674
3080
989
2468
3783
574
851
385
3582
2872
651
3585
1482
2486
1080
2970
1376
2081
654
1249
1878
2581
556
957
3181
2575
584
857
869
1581
3468
1049
3069
3374
2587
183
3356
2865
965
2966
2652
1669
2067
3683
578
2166
2787
3253
975
989
977
1678
872
473
2454
880
467
889
2671
2177
656
255
3055
2982
3282
1552
2969
665
1287
2265
3789
1482
3456
1066
2969
2971
790
48
2790
3771
3787
1074
2076
1467
2756
2283
1286
3480
971
3070
1183
371
1881
1175
149
2952
3265
1577
65
2153
2590
1166
279
3088
3171
2968
2868
849
788
1151
1590
979
2656
3257
867
1478
3483
3648
1053
3065
2785
1169
2686
2990
173
2884
2576
3653
3565
89
1155
2687
2671
3465
3769
1057
1681
1066
3475
1170
772
466
389
2888
2952
387
570
1977
2882
3271
2981
57
2551
2171
948
3554
888
3572
580
3669
3853
1780
1080
670
752
1190
2679
3577
2587
556
3874
688
1172
2366
567
3668
2375
1953
3287
253
2281
1790
3575
3387
3352
951
1188
2181
1967
3048
3377
2766
2853
3067
872
1876
985
1653
2890
2987
3479
3756
3177
2870
3484
955
3451
2765
3781
1152
1683
2879
970
554
3856
1383
2450
575
3567
1656
567
2870
2874
3075
1855
3080
1648
1485
1187
2775
3557
2652
467
3073
3067
1972
3049
1172
2874
3888
3252
2282
3081
2888
3167
280
3282
3489
967
2849
780
2971
1178
2467
2167
884
3952
1078
1465
1265
881
3078
2384
3380
266
875
773
1352
651
2886
957
1152
1780
1186
886
1453
978
1090
3374
2557
2351
3449
3252
3256
1079
1548
982
877
2648
751
3749
483
248
2657
567
2085
768
284
2754
1867
3266
884
2552
3669
479
2649
3056
1666
3655
2688
1770
2549
2979
1090
2081
253
1888
688
2673
3576
1389
2853
2784
3476
775
1073
3569
3971
2871
2656
452
2171
2780
989
2085
3667
1748
2649
1587
2784
1086
2857
971
788
179
1156
2651
887
2967
3367
3788
690
1848
979
682
1490
2955
1055
3584
2849
3382
2175
3570
3052
272
2889
2574
856
3182
271
3089
1566
1452
978
3168
3053
2687
1653
3390
1675
885
1465
379
3154
3054
688
3257
2457
3949
853
782
1348
3583
3769
1066
2248
3082
773
1180
3679
2053
1071
2255
3382
3086
3375
2878
1679
881
2974
971
1668
865
582
1184
984
651
1572
1455
388
1183
549
1675
2453
1148
2885
969
1476
3079
2280
1166
1785
756
3286
2674
3886
1673
888
381
3050
885
3154
688
3575
3476
1352
1952
689
2870
975
1348
3257
2279
1370
2469
3670
973
955
3288
2953
2475
1676
657
581
579
3677
3256
3180
3068
2669
2272
1556
890
3489
1188
2373
3654
2181
1773
369
1451
2670
3174
1190
3051
187
474
3248
589
2652
1072
1051
3674
688
790
3381
3482
956
2782
667
950
179
2088
2676
1551
3382
775
2256
1874
890
1588
2775
52
949
1076
756
1665
176
3771
2972
1686
578
984
2770
1157
2856
970
1669
1383
1078
2077
3565
875
2749
3754
873
3279
849
2583
3148
1455
1769
3968
1457
966
2952
1252
3485
954
3490
3382
3765
1853
949
3449
2879
1785
2253
1954
3479
2970
3269
2976
2375
3253
2468
2681
1084
1468
2870
3470
366
683
1453
1550
3050
1785
1067
3377
2280
1178
186
2576
3280
1581
2957
3388
783
1357
1348
1484
3051
3283
587
352
3370
881
1253
2584
3085
2387
676
385
2189
2571
3478
752
3776
3052
3481
3573
2778
3051
474
965
776
175
1955
775
3174
2885
1974
2277
966
2954
2890
553
3255
2572
2287
2756
2769
551
3771
577
1671
2776
1472
165
3965
3050
3070
3050
1267
3088
3967
3252
686
3290
3488
1257
2788
788
949
1574
549
2978
3084
2984
2871
77
2683
2365
3666
2865
2972
1574
3585
3474
2978
887
3968
3269
78
3071
3571
779
1371
3371
1186
2890
3849
578
2053
3248
3674
2955
850
1469
2890
2585
3453
773
3969
3489
1187
989
3273
186
1670
890
3690
866
1150
871
2486
249
3757
1053
3481
1749
3453
1653
579
1048
2472
787
3075
3572
2976
575
781
3488
3372
2750
2948
2871
2990
172
2670
1887
3049
2951
584
957
486
1450
2867
3690
865
1688
954
1977
2875
3575
1670
1490
2878
3667
1881
690
3580
1269
3980
2967
2176
2752
1685
1485
2790
969
1172
1976
2271
1565
3885
1082
1573
577
3180
1790
866
3988
3254
2787
1670
1590
673
3669
867
1482
988
3952
2769
3469
877
848
3080
872
2282
1851
857
478
3580
3479
3490
2555
1770
3052
1180
3280
551
1169
2376
675
571
1571
1450
1170
774
2571
1449
3354
275
654
3472
2749
1071
3776
872
2989
1050
3457
2583
3356
1967
2085
3572
1678
3689
3755
2670
1673
855
1675
1568
2783
888
3353
3076
886
2150
3990
2490
3375
853
1480
3687
3067
184
3489
1378
3073
577
2990
2949
1049
3448
757
770
1552
2174
889
3465
848
1785
3067
2874
2077
2950
982
2586
2154
2281
654
774
3168
1153
1457
2569
2953
1368
1586
2182
2952
165
953
552
1248
1181
1268
2771
2872
988
2456
567
1290
878
1087
3877
3685
665
3184
2884
3469
1473
3269
3479
2565
2388
1656
1467
1066
3388
3989
469
3668
3073
2086
2551
2673
2557
3383
3886
2880
3781
3482
1290
569
1288
3384
2551
1187
3381
2979
3086
966
3754
870
184
3555
2651
3648
3077
2954
1255
3385
1773
3278
2554
684
882
883
688
579
3278
3654
1582
2871
1650
1665
1650
1069
583
2856
957
1184
784
790
655
878
2885
2872
854
870
1456
3175
1573
2477
990
1772
578
2375
768
1848
2566
852
78
1988
2784
90
3372
2571
1185
2655
2975
3774
581
1375
3780
3988
179
3484
667
3076
3356
2570
2178
1577
1050
974
3272
749
2167
165
1486
568
3075
1949
1386
1470
3075
3472
582
381
2153
3087
3870
3380
1869
1185
1455
2057
777
1188
2657
3679
2949
2588
1178
1656
2889
1788
2577
1149
3953
1087
1455
557
3581
690
2567
868
3281
3580
949
971
1349
565
778
3774
3082
455
2090
1554
1974
2256
574
1284
768
1488
175
2576
3455
669
954
1783
2969
650
1248
1452
3769
2074
284
2588
973
3651
1366
649
3185
977
165
1552
3073
1768
2877
681
1750
1581
3668
3848
2874
2351
1068
885
1352
1766
587
1672
2988
285
2474
651
2377
3184
3049
1389
2956
1375
3382
2690
1281
2157
1787
2257
1082
3078
3573
1581
2855
3584
2555
589
3954
3855
2670
3666
585
768
1654
1586
972
3357
3680
2465
1450
1751
656
3585
369
352
1677
3748
566
3367
3473
3250
375
2585
3354
1154
3169
1348
1376
679
1167
1456
2157
682
3456
2479
1457
2648
3467
2971
3370
3050
1569
990
2276
1956
181
3188
3287
1372
980
3187
3187
450
3677
967
2381
3871
2755
1454
2180
2974
1784
3069
2774
1583
3287
3285
2873
2368
1455
3080
1372
879
2589
2872
68
2165
3379
1675
985
2349
1576
3156
3389
3357
868
3573
1578
1067
788
3489
2875
1074
3278
3976
2974
3485
3977
1570
2150
1454
2356
1149
2552
3351
1676
1480
3587
749
2749
1579
1552
576
3889
69
1374
1279
3449
1855
3485
3783
1982
1257
3457
1286
3087
149
2876
952
585
80
3082
2088
1170
1685
1268
1451
2986
2668
652
1689
3490
877
1480
873
2871
1349
3169
851
3768
1178
1284
566
2650
2456
872
876
3285
856
1149
1689
274
873
1750
2068
2267
2990
1468
3782
2973
3951
1455
990
54
2774
882
1588
3177
3773
3069
1987
1054
1374
2156
3768
1582
1269
1365
1282
952
2851
953
1057
3267
3071
574
3667
1788
185
148
1687
988
1968
3069
2675
2753
1678
2982
873
2050
150
1690
2867
1772
3069
3078
3153
956
2188
2057
1275
70
1166
773
2770
1585
669
1872
3568
1272
2188
3783
1149
655
56
1667
3750
1251
985
1552
3869
1581
1875
1087
390
1977
1653
3475
875
3366
1470
2977
3890
2553
3750
3380
1267
55
1552
379
849
765
3276
590
1573
2456
890
3867
2970
382
3766
3680
366
2588
954
3965
2470
1484
3090
2579
3369
3674
1776
388
269
777
3487
2688
2778
488
656
1574
2088
3290
2685
550
3483
2752
3354
3251
1351
1375
581
1286
2089
1889
1074
1679
1156
3589
1069
865
3888
1781
2977
1484
1882
1757
1088
1055
2267
549
1268
2771
2976
877
1082
3755
1050
2982
2084
877
749
1853
972
1776
2583
75
2187
3682
3754
3772
876
1856
3275
3479
2865
2588
781
865
3353
1278
2975
2668
1080
971
3752
1479
2286
1065
1454
2785
2790
368
2957
1787
2853
3450
786
2467
2889
2685
1976
2681
451
580
886
855
3083
1168
1767
2967
2055
1351
876
1153
1372
1490
2668
3470
1585
648
3281
3748
969
2781
1471
1848
1069
2755
2450
1468
268
3090
156
2268
2073
3081
3082
2674
3675
656
3076
1380
3656
1586
556
1383
2854
3048
2351
3777
3973
456
868
1351
680
876
3081
2878
1885
2780
572
1655
3450
1055
3950
953
880
2670
1848
778
1566
1055
2575
1671
1349
2284
2457
2153
3571
1070
2886
3065
2352
3576
3071
1988
868
1065
790
2866
775
2656
3750
656
969
1486
1076
1288
1251
1790
1050
3254
1875
2584
3481
1055
1271
2281
1466
1077
382
3376
1473
2586
2879
374
3787
2555
1673
1485
2350
3275
1069
685
2477
1886
1484
3377
1665
1485
1665
973
2986
768
2551
1678
567
2882
1452
2987
2987
2187
3188
257
3072
2778
982
2856
3767
2677
2970
965
1176
790
2987
3079
689
873
2974
3050
2855
2588
2785
470
2556
3571
2848
386
3765
1654
2456
984
1080
3784
1754
3577
2248
2157
1074
1952
3368
755
2780
3967
2983
1756
3565
87
655
2568
2885
2065
2751
3180
3471
2486
657
2548
3979
1290
3953
454
3584
768
1650
957
3066
3779
685
1078
3685
273
1165
3351
2968
567
2076
2479
2881
490
1179
680
2751
2251
2970
3865
2967
1572
3452
1887
2757
2990
966
2477
551
1654
2987
1881
2849
2583
885
2954
2583
1069
2684
167
3076
372
2949
687
1488
848
3578
1667
1475
1989
749
176
977
2671
989
454
2955
2274
2779
3766
2953
2748
1779
2283
1383
2679
670
788
1567
3281
2569
2852
2954
2751
390
880
1283
2872
2775
865
2751
1182
1577
3484
3170
1280
1356
570
2565
3176
857
2652
1885
483
2681
3687
1277
2867
2669
3269
3271
777
1568
950
3682
3568
3687
1665
2677
3555
3673
2982
2555
2957
1786
855
483
975
1053
1765
2175
351
1757
2353
387
1575
881
576
3667
73
1051
1766
3154
1751
3879
690
3790
2567
1551
2578
1057
574
1285
670
770
3767
976
3148
2452
1457
3966
2955
3385
952
3570
3372
769
1184
3879
1880
2850
2965
3777
1483
2153
1890
1480
3779
189
3787
950
3666
2979
383
750
1381
3183
589
3154
883
981
2754
1388
3269
957
2652
2071
1084
1271
552
3080
3751
682
2187
175
3078
3566
890
2669
3555
3052
3469
653
2855
2684
3088
2151
3583
582
3089
2956
2685
2780
889
3183
1066
1457
3569
1081
1977
1349
2984
1375
3766
367
3085
1080
553
1087
3053
3177
3954
2952
3052
2668
187
1671
2873
877
1155
755
1166
1081
1090
1348
1253
1489
1688
2676
548
1474
3069
2852
3365
1352
684
1080
1265
3051
578
278
2967
3082
3270
254
2369
1179
1590
3579
1548
1485
968
3280
1081
890
2073
1481
2983
2867
2279
1581
2682
149
3857
2955
651
1650
3765
966
3776
271
3389
1565
3867
674
790
2871
1674
1556
2884
265
2848
2266
1787
3555
1257
1057
2672
587
3475
2985
970
1075
1472
2850
2181
3286
577
3752
2854
3482
2955
3182
2374
3656
3084
1365
2851
2890
3273
752
866
1476
1353
1352
1157
981
2856
2769
856
2850
2148
3071
3181
3453
3074
1780
482
2681
2988
1354
3775
1982
3782
1389
1055
3173
682
350
2783
3373
2768
957
3466
475
3287
3270
3287
3072
2979
2382
3748
1276
2848
1983
268
1448
2880
769
1053
1276
1383
3588
1056
2768
2070
3856
1688
851
2652
3473
467
2882
265
3770
3387
3089
2586
2889
3266
2054
276
3175
1051
3786
274
1286
2655
1165
3752
2155
588
583
988
2881
950
767
2474
1351
2850
3157
780
3272
2167
2250
1782
1383
2850
1186
2055
450
877
1478
3083
1954
1688
1749
3582
1050
1648
1276
1080
757
2965
3190
3283
1271
2972
3089
3969
3854
1475
2970
266
3168
2579
1089
2688
2870
3681
2279
3657
2886
1252
3972
1186
986
1679
1181
3354
1665
90
3681
2872
877
2679
887
2255
2748
73
1782
169
1188
583
1790
3950
2567
1552
3765
3156
2867
3786
2985
1575
3077
3070
3966
2368
3785
1649
2854
1355
675
1049
2585
3775
1655
2488
2477
872
3082
1478
1689
1668
1384
1254
676
3150
1787
2283
3570
1071
3072
3087
868
3650
3771
3277
2589
2668
1066
3049
1377
887
2080
2683
3286
1354
2652
3789
1690
3983
966
3966
1380
1057
471
1271
3579
2868
3787
2956
1482
2982
3456
369
1165
374
1257
1476
3651
949
1150
1472
3384
848
766
371
3152
3085
653
1675
1251
1977
3577
3470
2884
585
2271
451
1151
2089
1174
3569
3670
1154
1148
2953
1268
1355
2388
789
1890
3284
1752
2566
1388
2055
2048
2751
2652
2088
3175
1071
2769
181
3365
756
3284
3188
3090
2681
3051
3057
2282
653
3869
956
3451
851
3556
3685
1177
3186
778
2872
778
1070
2878
3574
3948
2765
2082
2476
650
1072
1084
3255
950
3068
2290
2579
3149
856
3977
3681
1785
3288
1177
2685
1088
2688
777
1786
976
1665
348
3081
3257
3777
2573
3257
2778
1982
2481
3779
2649
668
2848
2877
379
2955
187
1755
1779
2879
2680
1780
3965
1073
1077
3976
3467
2982
2988
2782
2651
870
2179
3784
1068
185
1971
787
3175
1971
449
3989
2355
866
2657
2785
2387
73
1750
2271
878
682
1453
1975
2389
3867
3654
1290
2665
448
3687
686
3071
2073
1175
2678
2090
3281
3282
1667
2986
3486
590
387
765
2256
3454
978
1182
2853
3184
3466
2454
2971
678
2854
3266
3584
2467
2756
2581
3876
2985
3365
376
2977
3949
2987
3476
2265
2790
272
3178
1372
855
1555
3290
1087
588
1088
2655
165
3079
3586
3549
1485
2787
3870
3253
2689
3180
553
2683
266
3080
3090
3478
1249
2665
673
269
2889
2373
2689
2376
2676
2251
3648
867
2878
3680
3390
2184
1479
2775
851
2690
3256
3790
2353
570
2766
1486
1056
2748
1780
3983
3269
2389
2679
680
3671
1182
883
1590
752
554
765
3672
3753
2855
3950
665
2749
2888
1056
3178
882
855
3474
2867
2457
767
3753
866
1454
1055
3581
2968
2250
3352
1079
1388
1282
3688
3788
457
1557
879
2884
2569
3075
3548
2152
2050
1750
3184
488
3157
3467
1154
1586
1273
54
1381
1682
2555
474
1055
1452
185
172
2973
2475
2282
1274
2688
2270
967
3765
1985
1590
1056
3466
3484
3369
1690
1248
268
3084
2990
3676
1184
972
2469
2767
2277
3456
381
975
3550
3383
648
2372
988
3157
2873
3082
3486
2655
490
2165
75
949
254
72
1072
2783
1057
2586
3284
268
1157
2948
3282
2182
1785
2765
1255
2855
582
270
2870
2971
873
1073
2275
3481
1475
879
1865
3366
849
1776
582
2178
683
3769
965
2951
2880
872
3082
854
1586
2881
2888
2580
2856
74
2684
1052
2957
3078
1752
3775
880
1569
3749
3175
1054
1749
1688
667
2669
1553
1683
3453
2987
3769
279
3357
2188
3554
1773
1275
651
76
2068
874
2474
2955
3068
2478
1377
3080
2353
2577
776
2866
948
289
1577
3055
1679
2365
2152
2986
583
151
1579
2368
3656
2876
2766
2790
779
1088
581
375
3166
1972
2572
1274
490
3155
3482
3789
3383
2170
465
3088
3079
3090
969
3078
181
2870
3382
3572
2673
951
851
2989
890
767
1070
3586
386
3086
976
1266
2576
3389
749
881
1081
1048
3675
2687
3389
2984
2868
3086
2884
1148
2783
2976
1254
2079
187
874
457
3980
1072
2583
2788
2572
1083
1166
3083
588
356
90
752
988
2253
1655
3089
1452
3982
272
2686
3180
3179
3472
787
3669
3084
856
1271
889
1250
1876
2152
1284
3772
1450
1880
3085
1679
3954
2973
2966
2785
1171
1282
674
2680
3286
2267
3285
787
881
2588
3551
172
2079
2974
3773
3153
478
76
751
883
3986
1870
1652
249
2656
1483
3657
1167
881
852
1751
3769
2973
3168
3890
1181
1684
685
971
3073
1585
3687
978
2678
1353
3753
3587
1072
575
3154
3578
848
2584
876
988
3889
3754
1974
2266
3470
1249
2967
1569
2055
3277
55
2875
2887
1156
3366
2948
681
3255
2556
1665
653
3486
3487
1581
3452
285
790
57
1174
1757
2089
2452
1267
1668
1889
3049
2072
1368
3083
253
3173
1779
770
651
955
3869
3780
277
2588
884
2183
3453
3090
2683
3684
975
1281
878
3776
2552
1650
79
3054
374
2776
3074
1455
3189
651
2557
3651
683
2572
751
3548
3176
3790
1757
669
3678
2484
2990
178
1081
1050
3579
2165
2866
2772
2975
1757
3380
451
3276
1275
1467
1175
868
984
1671
786
569
2572
3869
2165
1756
3780
1748
3051
1188
385
1176
1779
866
966
1469
2574
3472
2879
167
1465
3851
3168
783
3370
1369
887
1090
3783
3275
186
3257
2089
3289
1481
951
981
789
1970
1371
3667
1775
1470
883
1681
1080
451
2390
1268
3175
1065
551
3469
1169
2976
3378
3378
2069
1570
349
2257
3652
2074
3766
1075
866
1089
2873
3183
3873
2788
1773
1568
3578
3374
3480
1253
2988
1878
1084
53
779
2372
2879
3056
3066
785
3076
3652
3189
549
279
1053
3390
3084
2885
2948
680
553
3082
274
1474
2772
3087
2771
953
189
556
884
3655
652
3983
2088
1676
3654
1087
69
673
2650
1180
3085
2153
884
1290
3053
277
2675
2673
3586
2967
875
1668
3272
3176
2489
2966
3781
767
3971
1069
2978
3450
288
1085
983
3976
2672
3169
2451
2689
2572
1683
1249
3571
980
886
2578
3765
3784
3755
1155
3684
2376
3083
3185
1375
2667
3273
584
3879
1480
1257
1554
81
1773
678
1351
1279
2077
1056
2875
2881
952
479
2775
2979
1675
1050
3569
1352
1655
3079
1572
3775
2583
1782
2967
880
3251
1681
2869
981
2666
3049
1555
2857
3081
3875
973
2470
3148
3671
1188
1990
68
279
3287
3869
2067
2669
1673
1585
1583
2276
3957
1181
1556
3070
951
975
2152
266
2054
3284
2354
474
2184
370
3985
1281
3586
1785
1088
2354
1067
1549
852
2367
2152
3666
1176
965
1270
3771
1751
248
1173
3057
2487
3054
3483
2571
1281
3074
855
1573
555
680
381
3071
3777
977
2675
2176
187
2781
555
3951
2683
2472
1068
3549
2557
2373
1470
565
166
3080
586
2955
1079
352
755
649
652
3080
2366
3273
1850
3581
178
1069
2784
3878
890
1074
2485
852
2382
480
788
966
1357
1153
1074
266
1352
667
884
2953
3071
3757
2456
978
3083
252
3284
1779
1982
2784
2667
1888
952
2766
2681
2449
2667
954
1851
3184
3689
1390
3082
749
1390
2072
3656
976
3071
3382
2849
3972
2177
3178
3672
855
1078
684
3176
3055
1765
1854
887
3770
1471
953
2650
3152
2582
1888
3388
574
3968
1778
667
1077
3453
2673
2753
1571
1581
2579
3566
3084
2557
1052
3290
3171
3884
785
771
1451
1765
1275
2772
1773
1850
971
3555
1383
371
548
853
3680
2981
1176
1075
1279
3466
1756
1188
3590
550
3655
1168
985
3351
2867
1184
1376
2673
3357
3051
1052
1367
2453
3174
784
2488
3381
2872
2890
1466
552
1253
881
3757
1677
1481
2982
2370
1049
3587
566
690
3283
775
1278
3169
3871
875
2189
689
951
3168
274
2884
3571
1969
2057
1066
1081
1585
1484
2881
1849
385
1383
3180
1070
2656
3186
3186
3253
1272
3584
1557
2779
388
477
3086
2783
2181
2283
2567
2978
1154
2574
3590
2781
1578
2175
884
2954
2884
3779
2974
2475
3368
3780
3754
3579
2571
555
1365
1448
1573
979
3751
981
2790
1848
1383
2753
3754
1769
1887
2982
2473
2857
952
2675
1876
2286
1775
876
273
2979
2066
3779
1475
2767
2979
982
1051
1852
55
1450
251
2178
2971
3772
1352
1054
1974
1488
3490
1570
3471
1369
2883
3586
1148
281
166
774
2684
3177
2555
3265
849
1652
1289
487
3472
3656
3872
3469
2870
981
3271
1853
2981
1072
1549
3581
990
83
970
2675
2890
875
972
1486
2381
2070
2978
3774
1874
3357
3682
1168
3678
3790
1489
3677
2650
3049
1669
1181
3389
3382
1969
369
2978
780
1875
3657
3282
2372
2868
2656
1181
2567
1686
3284
73
675
2676
2175
3978
3480
1480
2855
2565
2676
3956
687
3853
1973
2988
1470
2552
779
874
2851
1556
770
580
2888
750
685
2480
281
1255
3465
1354
3052
3649
1569
3486
3587
3049
3451
1765
2250
972
3388
1469
1467
2090
2449
3181
2873
2284
1873
1256
3049
3968
657
583
2683
1265
2854
3266
1578
3282
1790
3085
1452
3088
3475
2886
757
1953
883
1386
786
1577
585
890
1667
3788
1080
3772
2784
1757
686
2868
466
3768
1770
951
582
3579
3186
3686
767
2257
3248
2556
475
3768
1688
381
2784
2085
2983
1676
3749
1187
985
3375
1780
2665
3657
3775
1978
2277
3754
2086
1470
2083
3065
175
1177
1749
2650
3270
2283
2587
1587
1557
1555
2452
1566
1878
3682
2756
2566
1655
2579
3956
1650
3053
1679
1757
1168
3449
1468
867
2953
488
1286
3176
2855
1687
1056
3654
2489
3279
1183
1676
3074
2577
2875
3884
2484
3373
3189
1648
1482
666
3354
2873
271
3088
2950
1772
1052
3584
3471
3067
3075
1286
1090
677
570
1478
1165
3549
185
48
2951
1455
784
1152
2853
2566
3487
3384
3777
1189
1987
3079
2778
1655
3055
354
684
2567
2078
2755
3784
3076
567
2751
1685
2648
1176
1789
2987
3974
1287
1167
2155
2969
2571
3153
1184
1372
1772
3880
3183
3377
666
2988
1949
2655
3469
1067
1878
3089
56
2970
353
2452
380
1267
2877
1265
1950
3453
3286
2872
990
3775
3051
3473
452
2776
366
654
856
3669
3171
572
3087
3069
955
1678
2851
1376
1150
953
3772
3784
2082
3687
1181
1154
1252
3068
785
685
3183
73
475
3250
1966
3081
1280
2189
3266
2869
2866
979
2566
2590
2548
1657
1772
1269
67
1371
3272
585
2683
883
2875
1467
852
2278
1271
3788
1777
3053
2481
2584
3654
2670
2767
2973
2790
3374
3665
1686
1656
2588
981
656
870
3289
452
1074
3784
3079
3685
3573
2649
2372
1667
1986
655
2869
3954
3251
889
3257
3348
1273
2048
876
752
1168
273
3553
1650
1276
2888
3351
3883
1776
1588
987
1172
3449
1067
2770
952
3252
1180
1867
1052
378
3152
2684
2974
1165
1586
2454
2857
2982
3576
3852
748
3480
3479
3086
1671
3748
2554
3951
180
1084
2084
2753
149
2589
3089
782
3072
3151
3188
1652
3450
985
3873
1774
1488
567
3582
880
3580
2882
2690
1780
2981
1450
3149
3654
1588
851
3067
2972
1073
1654
1387
884
2188
1074
950
1557
2767
3378
1350
3750
368
3887
1350
1054
3380
2589
3456
1883
681
3557
549
3749
1884
1172
3287
757
1289
1985
1348
1255
3090
2951
1881
1766
772
789
787
3689
3589
2070
769
3070
1176
1650
3679
3367
3866
1752
3372
2588
1080
2955
2848
3483
1352
2867
3666
3174
3056
3849
2670
2384
1179
3083
886
90
868
2986
1255
3173
1049
3355
3754
3451
1890
1766
2479
1685
2468
1157
3487
2149
1549
2876
1267
1589
2380
153
248
2677
2068
2651
1475
881
1072
1057
3679
1849
974
579
1552
3476
2682
3448
982
3074
1470
2971
755
1853
3467
1152
2783
1871
1769
3580
3484
3167
2688
682
3085
1255
282
973
1950
2389
2452
3080
651
579
984
877
874
378
89
1770
3852
3152
667
1770
1556
3155
3756
2967
3168
1752
871
970
2579
2772
2280
2987
1866
675
1776
2952
2886
1385
2452
1483
1049
3274
2976
1768
1069
2681
2676
555
2776
870
2787
3287
1566
3368
1079
2088
2853
2355
2970
3088
2773
2873
3556
882
2475
2052
2969
3386
3173
3557
2948
1576
973
356
3675
3288
3571
180
3872
990
1284
1549
1974
2853
3848
1275
2952
355
1172
3883
2270
2280
2981
1278
3278
2690
568
651
2873
487
1970
1588
977
872
1073
2266
155
3171
2955
2482
1754
3671
1348
2472
3780
3752
3666
2289
271
3988
1156
3087
2774
2372
3388
976
366
583
471
2584
2948
2774
1476
1150
2283
2671
887
3070
787
479
2750
3585
3368
1474
2868
2170
1488
1784
3170
3374
1780
1380
2987
2386
3071
985
3048
2871
2790
1075
3156
2988
2684
249
1671
3154
1457
3075
969
1277
2984
3970
885
1287
650
551
1989
1051
2886
883
3183
3253
1053
2872
889
981
2166
2784
3486
1978
873
567
1174
1689
3751
1751
749
2557
2185
1880
1665
2552
2686
667
3773
2881
3777
980
2270
1250
2449
152
3267
879
3670
2675
2756
690
2680
780
55
568
2176
1087
2083
2055
3684
1987
1566
2549
781
2678
1383
349
278
3548
2688
1780
2969
877
773
3252
1870
872
990
780
457
3382
3988
1481
948
2969
3071
3189
1287
987
866
3883
879
367
3584
881
3666
2855
2954
1079
3454
3053
2665
2555
3155
3256
3767
1474
970
1067
3169
1648
1251
2674
1271
2985
888
3876
3868
3385
3870
1665
2090
2588
2254
2773
2475
83
2786
2883
985
186
2966
1155
1170
3378
178
673
2055
1570
557
2582
248
480
653
2889
2583
3371
2665
3478
2766
3773
2152
3450
848
3578
3550
3168
756
2749
887
2854
3383
1676
3586
451
1075
2181
1586
1487
3674
2677
957
3252
1057
2171
2581
1465
1649
2186
2852
3566
665
3786
3174
3753
2252
373
483
3480
1171
1451
1069
2473
3355
3786
2380
3556
2554
378
2073
3268
1254
2970
1584
2757
2652
388
283
1456
2956
3070
3048
1249
2586
3481
1454
2775
3386
3279
876
2770
771
784
1475
1572
871
989
2253
686
1667
3090
586
979
182
3090
3056
2881
987
2873
872
3769
3968
685
3172
3055
2878
3476
2177
1089
555
1266
2970
3249
1949
2670
782
3887
1453
1079
3181
3375
3148
1672
3773
3689
1575
1578
190
2175
2451
1369
2074
2783
3077
3580
1548
948
3481
582
3555
3955
2569
1453
2871
1155
976
1767
1072
1668
781
2850
1252
1049
3084
1667
583
3376
967
1878
2966
589
1085
1480
355
3478
2089
3757
3289
754
1772
978
586
1670
3150
456
1775
1587
576
1582
688
871
289
3866
755
2150
3049
273
890
1754
381
953
3484
1570
667
948
1090
1082
789
1568
2688
754
1584
1255
1556
1449
3478
2951
3069
1676
1751
3551
1675
781
2686
1785
2478
2889
579
3871
567
688
174
2970
1974
2153
1676
50
3066
3481
3482
3788
3057
3679
3866
185
3786
869
3685
3050
365
2376
584
890
2851
1069
3749
682
1772
3786
949
2950
480
3253
1077
1756
3557
3477
2068
386
3278
3173
3569
852
2288
1454
2084
3471
1790
3857
1875
3084
2979
1288
1648
3365
3873
1190
2988
1371
1449
2985
2867
1082
851
1552
681
3077
984
567
1079
584
1578
3972
2968
1273
3172
2186
470
2979
1654
2889
2851
1355
1884
1755
1851
2872
375
1370
3672
73
2757
3076
1179
748
1282
2254
1287
1383
449
551
789
3752
1684
2970
2369
1482
1672
86
3066
1271
78
2268
2656
2570
1776
186
3354
1266
2468
2854
554
1784
1688
1087
3756
3489
766
2888
1483
3870
877
2053
1552
680
954
2487
3071
2751
3689
3574
1057
585
1566
3972
1353
354
1476
3282
887
1177
2469
987
1951
1749
72
3153
2481
1466
2957
2786
2770
1490
3369
489
3370
1552
1066
1290
2149
3481
1756
1555
1151
3349
3379
749
3650
869
3273
2877
1778
2870
1573
2349
2466
2652
1288
852
751
3677
2879
1165
1757
1274
585
3488
3380
1580
1681
750
1785
2978
3448
2351
1077
1080
2969
1474
3370
2648
2983
1657
888
2667
3668
2686
1181
1067
690
2690
70
975
1354
3552
1466
1179
2085
2774
2990
557
1957
3189
567
1377
1578
3668
3375
3973
3675
2966
1256
949
871
3480
688
152
954
3187
2983
3968
1075
1076
657
2781
2652
873
1082
1279
1776
1280
1652
2973
187
1265
448
3574
881
780
1790
88
2389
2451
1978
2388
1657
678
871
877
1175
1250
3280
976
1068
2990
884
572
3450
1652
971
1548
1189
3868
2989
1667
2985
1855
1373
2584
2986
1884
3084
3757
3076
2975
486
2551
2349
2755
952
1083
3575
1785
2490
3086
889
265
2587
1852
3975
2855
953
1248
3287
1065
3670
1189
981
1551
3056
1556
283
3868
2480
3489
2480
1670
3155
3784
3665
1186
3676
2451
1357
189
1387
1470
981
2375
884
1669
1489
1571
1375
1386
455
756
1453
3256
454
2786
1953
2786
175
2755
1751
954
979
572
3168
3356
1551
3781
769
653
2065
481
3677
2787
3675
3557
670
3551
2481
2569
587
85
3775
557
3454
1179
1075
2656
584
2874
2456
1281
2671
1775
1770
2954
2557
3181
1965
288
2078
3173
2782
2779
855
282
670
3677
2982
2389
489
848
3377
877
2879
2557
1690
2855
3048
2468
479
1252
2875
2474
1190
1066
1650
2054
3577
2573
3578
3569
2856
2985
1670
3653
949
2249
2853
3376
2776
3388
3589
3871
967
2250
1287
3989
1383
2976
681
3382
2975
3170
1054
3766
2667
3869
1676
2469
3257
1971
2479
1185
1657
1057
3350
3365
2877
851
1687
2980
3671
372
1557
754
3251
965
1086
1085
1288
3379
1573
2068
3174
1756
3781
3551
581
2557
3654
554
868
2851
3871
3588
1875
288
3951
571
3668
785
1067
1272
3686
1067
286
2855
3486
2679
575
3376
3983
3770
1271
1790
2087
470
1579
3473
1756
1470
3365
3577
2051
2550
779
3183
683
689
1877
1075
2082
2753
572
3387
3678
2973
780
2882
3057
3771
2973
781
3379
476
1350
2586
472
3178
1483
3675
1170
2882
2470
1971
3471
3677
2849
1579
3057
570
2169
2987
2985
1468
3474
855
2882
3954
757
2989
1169
3467
1757
1565
3653
1557
1872
2277
1354
2950
3671
2874
3752
1276
686
183
867
1770
2589
1349
1275
2688
3167
3353
2686
1168
3051
3389
3754
1671
1079
348
668
3575
1357
151
72
1349
1550
2965
784
3557
2087
549
872
1066
2386
672
3049
2782
3465
1376
3554
1288
751
3676
1655
1176
977
2656
2749
1683
585
2171
2372
988
1877
3248
872
3549
1150
1782
1350
3077
3081
2173
567
956
1785
769
1578
2680
875
990
3156
3084
2550
3476
3069
2772
3851
857
3457
1849
88
2582
852
3672
2775
1474
2970
3980
2781
2968
984
2084
1781
2888
781
3974
1351
556
849
1684
966
1367
2980
3788
1770
2172
1983
1751
686
953
1648
1076
548
1649
2878
3990
485
2779
3468
3553
274
3484
1479
1172
2289
2874
1883
2779
1676
2069
2988
888
2978
66
3186
2590
677
1268
2848
648
1648
788
1086
1584
2755
3365
581
2551
1071
549
3579
2074
882
3465
83
1170
1548
355
3882
685
548
857
2956
1054
3054
1165
3684
3476
1787
2573
3090
1572
2775
783
1085
3279
1978
775
281
568
3078
3054
1280
3187
1654
1081
2687
2781
1177
3479
3967
2984
153
570
580
1072
2954
1485
3471
1154
2868
2584
3349
1784
2169
1182
1489
182
2955
2674
1270
1785
1455
152
3485
3251
756
1779
3375
1265
3170
165
3556
288
3874
1478
3379
2288
983
873
472
2751
749
1474
1568
1289
2988
557
83
1565
2588
2571
3749
3679
687
1768
3083
1250
2450
3886
2783
1178
2048
1787
3749
1372
1151
976
566
2580
685
879
2448
2289
3255
1366
3380
3074
1373
3567
2778
2081
3056
1348
2772
1453
3657
684
2952
3957
3067
3777
1080
1390
2466
1950
1453
2556
1571
652
3686
1057
1774
1686
3988
1665
655
1070
3254
1985
1781
2786
2075
67
3490
3683
1282
2385
1074
354
3486
3370
3182
3150
779
2866
3450
968
3967
1054
2752
1080
2566
1769
3781
1554
990
1465
2854
257
3371
3666
3253
2650
982
3452
3448
1383
3082
2850
3688
177
3780
3077
856
1483
1379
3053
2776
650
551
677
1755
2250
3253
3153
854
549
2785
1552
3267
1750
1765
1452
3757
965
2872
1090
1785
957
2355
2777
1055
2175
954
966
1351
3281
2876
2451
3790
3553
2474
1871
1850
2355
477
2166
855
2351
2671
750
1366
2249
3651
1652
3173
1151
1683
2455
3775
3081
1084
3781
3555
2581
1750
2350
2279
766
1766
1748
1667
767
1074
181
1276
773
2687
1282
975
3073
2582
3965
1083
2469
2485
289
2690
2972
3186
3251
1652
3866
3090
2854
3352
1475
2668
452
448
1584
1771
1654
1957
2973
3389
3172
1970
2556
3786
879
1575
3170
1372
2876
2171
751
2865
370
1484
2071
669
1885
2084
2566
2857
1087
2573
2984
3052
969
1788
1589
2890
3185
1081
3173
754
3179
877
354
2685
3851
1971
978
2266
2878
3550
1070
865
2856
68
883
465
2584
985
1649
3171
3475
3386
968
981
2984
3965
285
3869
749
3055
3184
3952
377
3570
577
2481
1684
1090
677
965
1055
1289
849
977
1080
3155
3151
2577
787
1472
3082
3688
2376
3072
3065
2975
1379
3473
2650
3686
1273
1084
86
852
1570
1266
1674
1568
570
3566
479
2971
3385
977
3957
2881
2850
3478
2190
2585
2754
3252
3856
3787
2365
2654
857
2974
2673
3467
3248
1149
1251
3189
3073
1165
988
1773
648
2551
177
752
573
2879
2680
975
975
2549
1285
3070
3784
3754
1186
2285
1550
3267
3769
2784
1053
957
2488
1789
977
1768
1751
3653
1171
2955
2873
1169
3486
3980
3084
3990
1084
3784
2982
875
2856
3256
2569
3677
1157
2269
1272
1651
2076
2384
683
1776
3983
3755
1590
650
1352
3681
2953
1149
1767
3974
3278
669
3581
1570
749
1148
3367
3353
2290
1350
1873
650
2887
882
2570
881
3465
1376
3848
2485
3065
589
853
867
3175
3276
1665
1353
1057
2782
86
1765
3567
1652
654
3667
84
1778
2153
2888
1552
3078
681
3752
2971
769
2655
1790
2988
3276
2674
3356
3050
970
1779
3880
2655
1571
1479
3187
3048
1368
1255
1250
2986
78
1249
3490
1280
2885
3487
3067
2971
3054
2588
1251
870
1379
3978
2652
969
1669
653
389
1087
3090
882
1076
3090
3669
2770
3080
848
1784
3075
3976
3089
951
966
2754
3582
2069
3584
2475
1790
3183
72
1354
557
1557
3089
1387
2653
790
3065
789
1651
370
1185
3481
285
3275
1987
1967
3785
1786
3357
1675
2587
2674
2189
2954
1069
2378
2570
1656
880
3066
253
979
1252
2577
2365
2182
3175
2090
3189
976
1455
2557
2755
583
3550
3580
551
2869
3789
3671
380
1184
67
1090
450
989
1972
456
1689
1190
957
1349
2767
3290
3057
3567
1854
1253
1078
2187
2849
787
3471
2775
2074
1352
3686
954
1082
1068
2888
1365
889
2971
586
3585
669
2884
577
2757
680
2769
985
3468
177
2081
865
2986
3751
3685
2787
3077
3983
2670
2648
1366
372
1684
2279
1488
1454
986
3649
974
857
1375
2753
868
648
3567
3182
3079
782
3854
3465
2956
572
1654
3184
2570
550
2580
872
1549
2882
657
2084
2986
967
389
1248
978
3290
2057
1048
1049
2549
3750
857
677
3555
2268
849
3487
2349
668
1965
3868
957
989
769
1156
1088
2677
3880
352
785
3052
871
2978
1270
3151
1965
1772
866
1266
2148
371
3448
3478
1153
1171
880
769
1585
977
2872
2956
3165
2289
2569
1284
3079
1686
1070
2079
777
848
772
1489
2671
3554
1752
2048
1166
1778
953
570
1089
2588
2676
853
772
3189
3252
2156
1953
3149
571
1485
1050
1173
1952
3248
3680
1489
884
2378
2250
1674
1768
1276
3277
3368
3681
283
169
3374
3490
281
189
3685
977
2354
1480
2588
3477
982
3050
2851
3373
74
3649
2551
2587
1274
977
453
2978
2079
3478
889
1552
1182
1284
287
1953
3589
1877
1089
1577
3381
3955
3589
1452
2686
1066
83
2287
1251
1079
3056
971
3090
772
3179
1480
3785
1575
1765
2783
3755
2669
3788
2672
2066
1789
352
548
1452
955
879
3771
1753
3284
1473
977
749
3269
3277
1065
1488
1456
3351
3268
3051
3756
3782
952
3085
2285
3285
982
3654
854
3675
775
379
2050
2285
2449
676
857
3256
3880
3485
1266
1650
1271
3669
473
3077
3265
3652
3257
3384
3565
3081
3373
3368
3787
1689
1856
1074
353
3771
2186
1253
3669
1577
2787
783
3180
3376
2088
785
3949
951
488
2550
472
1253
3674
371
1254
1575
1966
2365
782
2986
3551
150
879
175
2879
3366
1074
2577
1768
1877
883
1054
274
2088
2689
1457
2969
983
1974
3066
3074
448
3389
986
2856
1568
3349
3065
982
883
2487
949
875
1172
390
1478
2653
2875
3168
1081
2751
2779
2567
3889
1269
2667
3766
2969
3074
589
183
1278
1675
981
2878
2976
677
2751
1685
984
986
2885
3276
1088
2589
1486
3174
85
887
2972
2869
483
2976
3888
3683
972
1967
3850
3868
1248
3177
3671
156
3751
2865
3790
3567
3290
2782
1555
1290
2680
949
3369
2888
356
1981
2549
2979
369
3578
1284
2751
3186
3873
667
2575
853
2167
1473
2856
1774
2256
1684
2684
3985
3170
1855
2872
850
3589
2982
987
3572
1776
1654
1348
2984
3181
774
2953
3581
2870
680
1573
3352
1084
2949
1578
1788
1287
1184
569
3388
2875
455
685
1080
3382
3376
489
1190
685
2652
2950
582
2267
355
82
1352
3176
3548
952
3049
68
1389
2965
3871
2949
3552
2173
2882
756
680
3487
756
3787
1087
1654
2090
3456
1769
1669
3450
2953
949
1151
1271
2687
3383
1669
3084
3269
2984
1071
2456
85
2969
3286
3489
1454
2849
975
3049
968
1466
1576
3768
3366
3552
3272
1772
1565
3771
2975
2853
865
288
1066
3074
85
976
3576
2974
2873
548
1050
1051
1687
1378
2553
3752
1372
488
479
765
3078
777
2283
1052
2681
2049
290
1384
157
2652
387
1856
977
977
566
2383
1668
3648
2872
1457
2878
2671
987
3579
3185
1890
3254
1382
1077
868
3388
2851
2968
2986
851
768
948
3348
555
3088
3353
1953
3375
3650
3875
3189
2889
1248
654
1982
1269
2869
3366
1055
3081
2649
2555
3172
2457
2484
2754
69
782
70
1182
3657
671
2277
2579
2855
3966
786
781
3050
1372
2374
156
3452
776
2356
2468
2883
866
81
467
1254
2474
549
3484
3575
3351
2875
3657
2175
3656
552
3057
2889
2876
182
2968
965
855
2689
2684
1483
3686
2683
1456
2784
2670
1370
1948
3066
1750
3150
2883
2849
1388
1576
1355
2375
1272
1351
3571
3477
78
1073
3486
3771
374
2751
3049
3470
2568
1084
76
3468
1384
1281
3978
1586
2355
965
3374
1069
3065
2471
3548
1267
3688
3151
967
2981
2648
1749
3748
949
3565
3370
488
2785
2372
1675
3752
879
980
3454
3678
2150
253
3553
2472
2754
1765
1370
2877
657
3157
977
853
2389
3648
3348
666
1368
2052
1269
1255
749
1672
974
848
3083
3486
2757
748
1170
3073
3674
783
1876
979
1770
3049
3277
977
678
3057
3368
1855
2472
573
3181
665
86
2882
267
1667
3587
751
985
2848
3580
1053
1769
3581
955
2883
853
1449
156
969
1583
1275
3853
2083
2876
3170
2473
3655
1974
1578
2854
3979
3066
150
2768
1490
977
2686
2966
2669
3751
3076
3082
1066
3470
668
3268
154
2572
751
1679
1689
2966
3048
1772
2871
2870
3077
3367
2968
455
1765
3749
2069
3068
2973
783
1781
167
2767
3256
1277
2374
2981
670
2853
3288
2649
2387
3386
1072
584
1489
582
2083
2251
1753
1857
2565
1548
3654
581
2850
1583
2851
2654
2290
3181
982
853
1188
686
2888
1376
1950
1079
3678
2883
982
2455
3175
3390
1453
2884
2579
1588
1049
3048
2766
3673
1366
1057
954
3371
2550
2555
480
1877
465
2150
49
880
3873
2057
678
1749
885
1090
3590
1554
1086
382
3081
1080
3056
3778
684
1882
3680
1668
3953
3867
2886
3472
2457
1053
966
2757
1868
1773
3367
2371
2181
1085
1477
1580
1390
474
3786
1081
3269
1575
2965
1081
1052
269
1252
570
1255
3455
1748
2848
2952
1585
155
1287
3487
2875
3578
2353
2787
1186
2665
256
3781
271
3454
2667
578
2580
1074
3879
3753
1350
1781
950
855
1582
868
2774
948
2975
1582
2683
3051
1156
754
1879
3756
3655
1354
2975
3183
555
2785
3457
2969
82
376
2373
1165
1076
2084
3550
1253
1080
3767
678
1580
1668
2589
90
1470
3375
3583
2381
1853
1676
1673
2865
971
2879
1049
183
3087
1457
983
2848
1469
1376
1654
3686
3386
3668
2755
2552
2457
1277
1179
1385
2465
2667
55
3376
887
679
2670
374
2753
2971
2148
3483
3770
582
1181
3665
1257
1585
1090
2551
887
3579
1089
3289
1288
667
3269
3370
856
1372
487
1386
3880
3367
3884
3483
1056
2674
3466
3951
3550
2448
3653
3376
2669
1755
1566
3867
3466
785
2872
2851
1548
856
2670
2951
769
3186
1188
3789
1372
2865
1269
2584
1585
2088
1049
3066
257
782
2870
1075
1190
1867
1789
3268
2367
2770
1750
1351
1954
580
3689
3674
1771
3549
2388
2957
3574
3652
3351
2989
972
3053
3668
3578
1672
3685
1766
1271
74
2790
2970
2569
3452
990
1351
1467
3651
2077
570
1778
1767
2149
2457
2051
771
3068
1186
872
2050
2470
3556
2666
3051
1978
989
2275
1284
3087
1248
970
2272
548
557
3582
1350
1679
2553
1773
3348
551
3048
681
2374
1366
1372
2151
887
1274
476
3757
1077
1373
2651
855
72
1057
1868
1277
2778
2388
568
587
175
2773
2785
2857
873
573
3065
1575
688
3585
2548
2653
688
1756
3687
3167
782
2670
2754
1072
1776
3268
80
3783
986
789
1271
2673
75
990
2887
3848
3788
679
3056
2683
3487
2053
2949
1679
352
669
1087
3349
868
3486
2775
2750
882
874
1779
1169
3685
3387
2753
1265
688
1665
2870
1082
870
1684
1084
369
1153
1356
2784
3581
1577
1267
3070
1382
3782
3087
1152
3687
155
869
2286
2852
3667
2787
473
2784
1150
1073
3087
969
1354
2976
2986
2990
2854
3581
1085
2776
556
1380
2748
2765
3867
3384
2156
2786
970
2768
2569
850
989
2286
1468
778
2879
1680
757
883
3356
1548
2957
2881
3383
1557
3588
3373
784
3568
3056
878
1690
848
3090
1556
3369
3766
3079
2388
3050
868
1290
477
3878
3770
1651
2676
2866
3082
3669
3765
1352
1284
1549
2081
2572
680
3685
2656
2178
3853
1852
3848
672
1054
3677
2182
3086
1685
3053
2877
2789
584
2665
3150
2850
3575
785
2888
276
473
2978
3257
1274
469
975
778
3882
1651
1581
2780
1586
3176
886
2479
1887
3657
3451
3079
1672
1653
2772
2678
3756
2990
3184
3283
2571
1084
2084
1683
3383
750
2768
3089
755
2087
1386
1289
1469
1680
2872
3273
756
2154
949
1375
1276
985
1650
282
988
582
2690
3750
