257086
368368
176583
145650
318365
358776
85089
248475
357281
257367
85175
398482
354977
196580
355777
88151
67084
187468
48083
164956
336988
157953
105456
54877
338855
168252
296656
199082
254878
75557
48848
7477
307952
375078
88469
235786
38575
95653
287049
135170
117478
15573
308553
128274
277871
357189
375287
327784
117356
85381
145555
154981
257084
288367
215652
286886
107878
136980
397681
117989
107289
255590
147056
345689
107352
127868
158972
365372
158586
258186
117257
129080
117381
338776
317249
305066
326849
98776
396790
17483
205456
87167
319088
85153
354890
174977
265270
355573
317949
229071
268187
347080
309086
95275
305055
128450
316648
75468
77565
335168
