3163
2340
3528
2797
879
3289
2281
1990
1526
2273
3461
3259
752
44
2082
3982
234
2158
2264
938
943
2930
1354
737
682
2161
2661
2431
420
2386
1754
730
2189
786
765
3851
199
1900
1634
1885
53
1205
3675
2664
36
3904
3062
1069
1174
661
3398
2236
3956
2265
3948
3313
3799
3101
3410
1203
3657
2195
1306
1857
2429
1695
481
1118
1104
1463
3143
986
345
414
532
1384
1431
1051
3658
2556
3758
3264
3571
2566
3503
2339
1585
2908
762
1680
51
463
945
1805
2141
442
3095
2622
1105
2108
3473
1114
821
3206
1031
636
2342
2610
432
1920
2085
541
2582
1742
1055
1981
672
2776
2692
2657
1547
948
3853
2618
1759
565
919
2429
3065
3920
841
3993
2848
687
2814
3709
357
2439
1044
2924
1144
3551
1242
3160
3945
1342
661
494
1629
1914
2576
3070
1964
1640
1347
990
953
2716
9
1844
3627
3792
3144
1547
3705
2549
3637
2250
1045
2581
1994
1874
1685
2510
676
3053
1962
3048
560
3841
2897
381
928
1896
1346
3937
3728
305
1814
1751
2198
2845
1151
248
2463
2980
2815
570
3405
1526
2444
3311
3112
735
1710
940
2062
1549
2314
1293
3426
2414
139
705
1025
306
1981
1478
362
2754
1703
3496
3418
723
3232
936
1084
2982
3988
1460
638
2551
1224
1396
182
186
1017
447
668
969
516
55
275
2719
1746
2895
590
3456
122
3461
1444
55
1575
2388
2604
3011
3587
750
3284
224
1450
1034
573
3454
1451
1349
1692
3314
813
1737
56
521
2858
1338
1805
2963
557
1066
1466
2700
467
3141
3471
2393
324
3952
826
3537
343
935
733
1434
2805
3960
1856
3889
3140
1443
3620
1637
1812
2130
941
704
2982
2741
3447
2433
2365
786
2635
1148
1774
1540
537
845
1660
2772
1088
1451
1984
256
144
3978
816
1334
2147
669
642
554
1537
3063
1461
2902
3113
2081
611
1797
1557
1648
3251
2766
1481
2925
1225
1357
400
2965
2849
41
3404
3638
360
3104
138
1755
1734
31
1862
2021
2877
2546
184
655
702
3820
1378
1510
1165
2355
1557
1841
1689
2061
194
422
61
3986
1465
271
2283
3049
3277
2339
1147
222
3988
3242
1777
1184
1035
1547
1560
792
1888
1474
67
1758
1370
1296
1727
334
1552
2064
3672
2923
803
3935
1806
2033
1079
201
2445
2594
1021
79
2344
1435
3918
1866
3214
3075
1565
168
1179
3255
265
1904
744
834
148
2173
943
3277
1442
1945
2445
1918
3572
1877
407
2034
159
87
3598
479
373
150
1469
2576
505
3773
2032
1640
3296
3277
2866
757
1
653
2178
3524
1500
2977
132
1888
1164
1764
684
352
1303
2135
1429
2598
3404
552
3148
354
2651
1938
3854
3048
956
1887
2215
2241
2300
1892
504
432
3068
921
3753
2638
2545
481
1441
2017
2874
1436
1449
1072
1821
1933
1902
70
310
2578
2678
3963
221
117
30
1959
1758
1057
2088
3615
3527
1745
1465
115
1438
138
1487
175
1235
958
2931
291
789
3579
3765
1424
361
1439
988
341
3240
107
2037
2894
487
2157
1988
2838
623
3394
3279
163
963
3941
3633
742
2161
700
874
3156
3444
3933
1852
502
1883
1783
653
226
257
751
1200
3328
3097
415
2087
488
357
978
622
396
1151
3697
2669
2282
2282
1593
3991
1074
2608
2886
2025
32
203
1299
732
3577
1611
3728
1294
2593
3196
2886
1560
2952
767
863
3987
588
3780
230
174
3102
2180
3507
745
42
2366
2158
1766
768
3973
53
3187
1359
3220
456
124
1626
1957
716
3883
712
956
331
382
2710
2357
117
1541
3207
943
123
394
811
3305
1950
2998
1617
1505
2338
2672
2245
1220
3446
2759
2721
783
1886
1932
3354
721
3332
1072
226
3725
247
3736
49
3120
1948
1271
2400
3167
2746
1052
3280
2743
2584
3278
1136
1905
2209
3063
2920
1526
1314
1874
22
2211
265
802
626
1084
3160
3684
1997
38
3845
2290
1993
1025
842
1088
1204
719
3783
1441
386
3362
434
3885
808
192
1531
855
514
490
11
3726
3955
1178
3161
1217
997
2421
994
2467
2655
1042
2754
3380
3352
2252
267
1819
642
2501
2220
3567
1014
1473
3250
302
2410
1814
2340
2557
3079
1903
3832
2083
2188
1615
1236
3199
1729
65
1772
2017
2914
1537
693
3671
1457
1071
1046
2030
1280
302
1049
930
586
515
3197
3275
3045
2794
220
171
1712
907
1881
1942
3783
2410
549
3300
619
8
1372
1190
1076
1562
1444
3482
2142
1393
77
3800
2626
1775
3224
1071
1560
873
1001
2968
3253
584
984
1859
1033
722
1010
1679
2420
1532
2912
24
141
2768
502
3445
274
1528
1568
1653
3586
3074
352
1225
1411
2816
734
28
2214
1050
924
2669
1998
3528
3759
2104
2884
2916
2793
3802
3878
1777
1086
516
1276
117
1399
926
820
1762
2435
2702
617
1146
3315
2460
29
1779
388
843
1229
1244
3791
3340
1861
1583
1989
1578
2306
1052
328
1494
2753
2137
1725
3850
201
1169
366
2085
635
597
2877
1147
1551
2372
1235
776
527
2650
183
1061
86
1702
3777
110
1790
2359
1503
3214
2879
2745
285
504
436
3415
1159
3105
2054
1080
1799
2721
2458
2962
2071
340
2665
29
2306
141
1179
2399
1012
1301
23
1171
1436
1024
1455
2628
724
912
1138
1289
3072
354
3312
2652
526
2481
180
2224
1740
2245
1699
1025
1343
465
78
525
1661
1329
3971
1162
3962
1958
3741
1691
3418
878
2085
569
859
672
208
3916
493
331
3320
3155
770
476
3141
3142
2905
1653
1799
3657
1336
3153
3183
1083
2523
143
982
2684
1977
949
3104
3014
3367
1793
696
340
770
1515
62
831
2782
1563
2292
1529
477
3941
1061
3925
2931
1891
681
3543
713
50
1133
856
1396
2051
1801
917
1695
705
1395
2806
1576
577
3145
2343
552
1227
2834
1683
1303
1345
2859
255
2884
676
3965
2941
1852
2653
180
2933
3556
171
2847
1190
3007
2928
3813
3916
793
296
251
2547
3643
3825
2567
2167
1012
3828
603
1814
170
1640
1213
644
2263
970
1485
3992
138
3055
3525
810
188
678
1813
3832
3946
759
434
400
2353
1182
292
3004
687
3130
2496
28
862
2948
3741
3958
76
2973
1867
1466
692
1740
1084
1714
390
356
2045
1749
1083
585
1736
2209
3176
1474
3368
37
1008
3438
612
975
511
393
1819
942
2700
756
171
874
184
2485
215
1912
2475
1063
1817
1048
129
3160
2986
1118
1010
3305
1335
414
2297
1485
1112
1284
3594
2045
1790
2205
643
1070
1992
2414
3502
3266
1543
2081
2972
3548
958
3718
1465
725
3145
1331
172
1011
1187
2179
1906
2743
2222
2567
1838
1483
441
1482
3388
1118
3719
2353
726
100
2028
1481
1766
1391
1048
775
3291
897
2223
3305
3835
1317
1359
2224
240
1370
3550
2619
1828
1286
2167
2644
1397
1652
643
1026
2344
1566
2426
2515
3503
1121
2164
433
783
3469
1635
769
3159
3469
1693
2131
2903
1299
549
1950
3860
2489
1015
2578
1799
274
1033
140
265
3296
2187
3219
3584
1237
1037
661
1536
502
3349
2961
2942
2770
980
3831
341
163
2644
1090
2542
2245
910
1346
3156
54
94
698
61
473
1185
1705
2704
2837
357
2114
523
1350
1400
909
3514
3695
3403
2789
3350
911
929
1368
2495
1160
2540
3353
1246
3237
3484
1871
2629
1835
1429
1570
730
872
995
2353
592
1551
151
1667
3302
2202
2383
53
1241
3383
343
1788
1826
2646
362
1597
555
219
3380
2073
2917
2294
2325
1393
2855
1475
333
3691
1127
286
608
3943
1639
2981
1338
2347
3711
943
3847
3361
2913
1078
3870
1720
1921
2610
139
256
1100
1543
596
129
2144
274
2635
3498
3638
363
36
2301
1714
1535
192
3854
560
2908
804
680
52
1708
1384
3752
2937
1803
1852
1418
918
452
1878
2608
1771
179
3783
3989
1051
104
1243
1357
3082
997
1260
3308
911
2615
3317
2944
2153
3974
960
439
983
1207
1214
3324
3717
1745
2080
1535
2431
3974
42
1104
1995
1375
653
198
254
898
257
3881
321
2357
505
2636
3976
2557
144
1023
739
325
1008
3537
2151
1715
3000
2918
1285
399
3478
1593
1875
2212
2694
2191
1396
3700
978
1407
1604
536
708
403
3951
2335
720
3874
1953
365
992
740
1274
1428
3360
87
1354
1085
134
2560
93
3934
3083
352
209
1139
922
721
663
1166
2221
1007
3343
1668
3835
1993
3315
98
1120
3794
1062
3344
2391
2083
835
1049
3286
2758
1338
58
3574
1717
3197
1232
3057
2623
1228
2707
2941
453
1249
2257
1502
760
2593
635
1431
2270
3796
1092
2282
3253
2626
2844
1052
27
566
3035
1921
788
404
3041
2509
1864
2796
1863
2147
1522
1556
718
3792
835
1504
163
1256
944
2703
93
2616
1085
3049
698
282
225
1607
600
1960
345
3586
3282
80
1147
3150
488
1789
289
3408
2178
996
1563
108
562
3432
1875
1737
3797
181
3972
47
3881
2036
42
3236
1841
455
346
2768
2286
1613
262
3274
2398
2288
662
3273
3183
3221
3708
3863
643
1434
3655
236
1193
1893
477
225
708
1767
694
1033
3740
2913
618
1156
1320
2031
970
2994
3378
1153
1252
331
1454
1474
2245
293
3646
1306
1766
523
2422
278
1382
1090
3550
1137
2350
3562
1021
1892
2026
1636
2297
2716
122
2056
207
351
2391
2022
37
3731
3520
3137
426
3608
2788
1257
1911
336
1892
2747
1767
1512
487
875
382
350
1598
1348
1788
971
1157
3731
2066
3160
874
1089
1382
2404
3725
2467
134
1926
1621
1705
2505
3249
301
3900
1984
1191
1506
3787
2745
1776
864
716
169
6
1626
3055
1133
1276
436
3794
2187
2935
903
2770
2222
1487
2744
54
489
2530
879
2639
1152
159
105
3798
1268
1430
79
162
3380
2179
1716
3444
851
240
1317
3160
2760
930
3057
459
94
172
3403
2757
1132
2273
201
3103
79
3336
2359
1037
3258
1133
3402
1464
1185
785
1213
936
3884
312
2768
2329
413
1029
655
2302
2504
563
3207
2059
794
2196
1478
168
3988
2607
680
1661
901
1999
943
1520
2991
3386
890
1182
1642
3811
1382
1816
3689
2882
1456
1032
2195
1927
1569
1594
164
1377
1761
1050
3531
2250
831
1689
1561
813
1452
1163
236
1753
861
783
2916
2190
801
185
680
2502
3515
99
1065
2335
540
78
2716
1248
511
699
2272
1045
1473
1179
3305
395
2696
1253
1580
946
3866
2660
3738
2203
299
2369
268
1580
2020
3195
1897
199
343
2836
788
2663
2151
429
1156
1417
2996
2053
1725
1133
245
982
1379
1315
789
268
3210
77
1731
2904
2375
3551
2944
1699
2651
338
3689
1598
1608
1613
2934
3168
55
3830
2567
1302
3946
1467
1815
1031
1695
3760
3066
2573
262
656
268
1615
2395
984
1867
2013
2174
1752
2293
2235
235
2237
761
2006
3572
1787
1979
1316
544
945
241
65
3304
1751
2360
316
1242
3554
978
3592
2708
1997
1600
1174
1458
1373
630
3521
967
1104
2399
140
334
2053
207
1175
465
13
1523
3108
3143
3769
3696
868
1073
1235
624
3195
3541
3081
2479
3172
2893
74
2796
2574
638
2370
3678
2756
924
245
2766
1684
637
1323
1259
3802
3501
1594
2725
962
1149
1118
82
1340
656
2232
2083
792
2134
1098
2478
3653
2813
277
204
516
267
2272
2872
886
1484
577
2395
1984
1314
3824
445
2928
1952
55
305
80
2205
1055
256
2919
947
1167
882
1511
2206
1660
119
1824
2748
3384
2998
1234
638
1534
709
2078
2306
1748
2248
1391
2104
2113
437
1655
845
3077
157
610
3704
2976
2284
1783
292
2687
133
3557
1355
1732
875
1212
872
2792
1592
2117
2133
3795
659
725
3280
3248
172
1598
2407
826
2725
2946
2549
2624
3153
3905
3409
236
2125
338
1138
3975
3304
1701
1440
1717
1153
1613
588
3865
213
1246
1229
724
1315
818
269
1337
1464
1585
2591
341
40
10
1389
1027
2683
1664
727
3660
1072
1550
3835
3456
1637
1
2955
542
1412
756
1857
3871
2328
3725
2986
1977
2236
844
3904
1326
238
3087
1233
3026
432
2984
924
3843
981
3257
1248
665
1883
2408
822
1007
492
1158
3555
3135
2988
3338
1786
672
590
3736
1357
663
4
507
1941
3754
3504
2559
2910
123
1687
1258
804
1163
1797
945
3537
83
121
689
192
278
1054
1516
75
78
3389
2917
1346
1940
245
1906
964
14
3682
1793
1054
2050
3317
2949
3575
147
732
280
712
337
3974
677
3594
2820
1148
46
1575
1164
3902
2751
878
3896
1429
2312
3554
3301
3844
1395
2168
281
1584
561
305
3183
2063
2271
1165
2057
360
2555
2337
1296
229
514
3600
2437
2463
3999
1074
3362
1949
3408
1170
157
3490
1623
3790
3128
1217
1314
110
626
1015
3443
2704
1398
1946
441
707
125
735
1201
3607
1342
1151
1585
3391
1323
412
455
50
2029
3233
1473
3242
1003
1555
1488
3310
279
2265
1386
1929
1858
1036
3633
499
2551
3054
892
228
3121
1830
3027
1225
965
1566
2624
1076
3238
1873
327
1804
3299
1359
1161
2995
3921
3670
3217
1996
2383
1115
1290
3699
1036
1338
786
314
3063
2124
335
2364
1819
1981
2016
997
679
2053
3707
796
2650
95
833
3193
2524
1379
3909
1944
3762
925
1555
551
628
835
1502
725
1428
3038
3590
3532
1874
886
2088
2941
631
559
3238
357
1459
2363
1797
452
3933
91
1583
1502
2323
3168
345
3068
3837
622
2281
673
3250
3427
1835
1366
1014
2980
3002
1838
2867
239
1389
3511
993
2036
3663
2778
876
1269
1265
986
2052
1575
1198
2817
1592
538
2867
1665
1182
3544
1091
2958
1807
3188
974
3387
2239
994
1422
3540
865
173
1135
781
1508
3071
3202
3299
622
2743
2393
2828
1878
1782
764
3482
2090
1073
1824
1200
172
1006
3887
3398
1615
473
2905
1246
1059
3032
3453
2162
1183
1107
2710
3115
3023
1063
3661
3059
1995
82
1676
2777
2332
1783
3644
3591
2121
2319
3729
1734
3271
951
64
1031
3840
199
2717
488
228
2454
2093
1403
559
1961
1932
644
1240
1659
1363
3017
2945
2729
70
3006
2307
475
623
1347
197
997
157
3763
2523
2881
1037
2309
474
2338
1235
1168
3472
2842
107
465
352
2140
1503
2875
1789
419
1944
1184
907
1069
81
1382
3832
1540
1085
619
3905
491
144
3909
384
2469
484
2032
242
2302
925
3971
1730
1054
454
2997
737
3798
2174
3651
3117
1129
1865
2744
580
3207
1650
1302
1194
2281
2761
3448
2252
1460
565
3165
1149
1356
85
2195
1626
3117
2892
3731
1742
3391
1394
188
3454
1291
3598
3048
3476
636
1662
2967
1627
3099
1012
1166
2000
3375
156
1565
54
2765
1222
2845
3737
1582
562
320
226
1919
1659
963
1630
2071
3519
2763
2908
1939
2422
3118
1237
1678
590
918
3814
530
857
1964
2448
474
937
1968
3355
1502
3488
3636
1643
1716
2507
2084
1755
908
445
2490
3744
697
1746
2445
1254
2904
848
1423
1453
144
1381
3056
3557
3482
2347
2330
3322
411
1869
1358
2005
1525
448
621
2795
1964
901
3002
2683
2051
2729
2627
1414
3177
195
2795
2050
2887
2093
1950
1065
3577
3778
2364
1781
1031
3271
2581
903
2148
3566
1939
2134
2862
1013
3350
2967
1984
2556
3949
3164
1328
69
818
1313
1736
3305
1355
38
3076
1373
1275
3670
990
2648
733
2597
551
536
40
496
3792
795
2886
1558
606
3055
337
2977
201
476
3341
2097
1296
1304
318
3178
2656
754
1483
3495
517
3071
2440
149
464
1026
1676
1678
3558
3317
1587
1512
356
2644
1590
2146
2966
3088
1098
2842
771
1442
127
1064
2456
1824
2110
619
2021
1696
15
985
1143
286
468
1334
565
2545
2628
3894
3317
923
263
466
3998
1261
2940
496
2858
635
115
522
751
2996
1038
555
554
1855
709
3445
478
383
500
1172
2117
48
1904
2415
837
766
2619
1333
1758
1642
3387
1374
3053
2222
1895
1865
3151
889
2439
3652
151
1303
1527
3156
843
777
334
3584
803
3254
1853
1163
1792
427
951
1844
773
719
715
3179
2159
2729
3277
614
3689
3410
288
1314
1066
547
470
1888
512
662
1334
35
1578
3583
1290
3055
1653
1818
2522
1038
1895
324
1596
2274
2840
1292
2635
2545
3766
3133
1525
3208
3958
1677
193
2888
3632
2863
649
1661
2171
2403
1285
174
3987
941
3844
3158
967
347
1321
3967
3428
703
366
2920
1007
3917
514
404
1210
1021
1697
1993
3971
371
1031
788
1199
1805
1326
1625
1914
1948
2767
243
52
3912
2392
1860
3573
34
1734
124
1503
1986
3943
3463
49
3013
3615
1183
325
3433
3730
664
2253
278
1561
3113
1241
2644
3131
3010
3055
2994
3186
1673
1147
611
1721
1858
3515
183
187
3148
3089
1427
1194
2698
53
1669
1896
2773
1784
1614
3201
743
148
3575
955
747
1515
1064
2308
1419
780
2251
3055
1048
472
1659
3552
3529
90
3959
3185
1672
238
2139
2466
3786
383
3393
3958
3134
1590
655
1777
1942
2524
567
3648
2186
1153
48
344
601
3660
395
239
436
543
640
3356
1196
2554
724
1780
926
1366
775
1918
1284
1373
1401
3396
2248
2322
12
1426
1644
1553
3830
2261
2225
1085
1482
1619
1465
2280
3583
615
601
3603
921
3582
3600
162
3929
1822
3646
235
1741
485
423
95
1502
101
3792
1272
1211
1709
2612
1967
2612
354
2888
712
917
2763
390
3745
2028
3019
1471
1401
3143
362
2117
2815
2612
387
1711
1122
1353
765
2885
3424
3039
560
394
632
2478
1656
2288
1148
232
1405
357
2178
1011
3473
2372
171
3030
1908
22
1305
1755
1243
3344
3031
1126
241
1152
333
3106
3683
1382
1077
1290
1107
387
1967
3909
2549
1014
125
1609
2852
746
3873
3337
1948
2971
2158
1667
3558
2860
3616
2021
257
2467
1865
731
1331
2619
1666
663
1079
1083
1276
675
3613
3528
3713
1116
682
3069
2373
2523
2781
1883
1120
179
3970
616
1559
43
3498
3057
2187
1030
3706
3354
1579
1302
2350
1566
1016
1860
2563
2560
2613
2304
250
3264
1502
3545
2414
1052
3407
2088
2399
2543
94
220
1769
3214
455
1233
1427
1245
353
2537
2849
98
1116
1836
870
1071
141
1566
2398
235
741
738
2278
3152
3950
1346
2874
442
1422
519
1362
920
268
3352
3808
1493
3975
777
1901
61
440
3996
1363
86
2471
282
1203
1140
1069
3489
3226
235
1907
2766
566
3267
2307
728
1154
1422
2815
354
2054
2
370
2567
3552
3322
2370
1859
654
964
309
1870
976
2724
3807
1231
916
539
3331
1964
2902
2617
1444
682
3215
3416
3323
1233
1404
3000
1028
1537
3518
2484
1880
1548
1001
3748
3091
2749
1275
1253
1273
2232
2724
2517
1362
1877
534
3256
1747
1547
819
2236
654
2215
1609
1733
1834
3904
2960
37
73
473
331
1393
3440
3295
2030
2890
1096
3617
3685
84
3707
482
281
1194
1630
1157
1565
1112
2469
3262
1123
3375
3630
564
2255
1861
73
2365
3324
3797
1279
1158
28
3894
166
1316
2910
1047
2102
910
903
1066
1308
1045
542
601
3571
1176
3635
3639
2365
925
234
1180
1756
61
1853
133
1922
802
959
1220
201
3011
2200
1645
1827
3017
1114
1085
1027
1479
2130
1030
1581
1175
142
753
307
2685
57
2468
3143
2623
2994
3913
1703
3718
325
3296
85
3267
2583
174
3163
2458
3008
408
838
2714
2389
455
1580
707
1243
2611
2815
243
1738
1269
441
3332
309
818
3925
1361
3247
3639
920
2980
13
152
1177
2606
546
945
647
1756
2136
771
2075
3638
1725
3970
345
505
2482
2761
1128
2587
1766
1554
246
68
2862
3280
3649
2786
1190
3906
2782
116
2065
60
2437
3617
40
587
3572
417
358
286
3920
1035
1595
3309
1355
166
1417
2048
205
1802
1934
2239
2178
3166
1207
3398
2587
3097
1430
1910
2905
1272
2873
3312
2560
2805
1631
1893
255
68
244
3919
3861
3333
682
542
3551
2361
1425
2295
1773
760
2998
810
1345
3151
1543
3661
2774
140
3550
1061
612
1410
3228
2256
1992
2236
2485
3934
3462
1181
3246
3413
745
1618
3484
2138
2613
3535
2766
841
1776
3636
1608
204
3344
1875
3804
2910
3877
2645
408
1019
200
1680
1392
1530
1886
529
2436
1746
56
2930
143
2967
3665
3723
393
2065
1407
2231
825
613
1375
1704
1423
745
3305
1898
466
3183
2285
1110
600
2845
3114
1997
2141
3793
1083
2872
3720
2140
1443
2512
2031
2432
1367
2173
23
739
1308
1660
1433
1523
78
488
3232
905
2932
263
1650
3610
1726
3512
315
224
111
15
1930
3780
794
1842
3304
2472
1880
3992
3924
18
785
312
1093
1445
334
3203
1936
3555
2594
479
2908
972
1908
3480
2079
3784
2384
503
1404
3914
1679
1989
3007
120
535
2542
2909
1869
3926
2012
2069
373
2652
3781
766
924
308
179
461
107
1736
784
202
3238
3011
373
398
2303
1918
1913
3544
1127
826
2069
706
2321
1671
1113
1431
2776
1834
2220
655
3299
1206
2347
2953
1429
973
2728
1771
415
3317
2799
541
3503
3954
1818
1143
462
1049
1723
505
136
3941
1256
1004
1477
3399
3972
3012
2962
1754
3492
116
2105
3862
3470
1364
1042
3423
3584
3474
3063
1401
1432
406
1728
1369
1421
33
2143
3717
1172
1315
542
3256
290
1205
958
1752
195
1594
1339
3147
2103
3238
1258
83
3259
2390
1724
716
1473
1327
585
1815
469
827
2455
367
2069
3120
351
2882
3947
2239
1306
2297
3460
1390
2248
193
2006
571
457
1639
1384
710
2198
2063
671
1754
3990
2797
574
1025
143
646
3094
968
3518
3752
1172
3393
2454
3951
3331
1843
840
561
2890
1634
3740
3727
681
962
95
170
3887
857
1682
1858
1295
3029
357
126
131
672
931
3913
683
1224
3584
1355
3698
824
1645
2680
577
2427
775
1406
1856
1996
894
3570
632
227
1674
914
1128
53
3937
1433
2559
2908
1001
3090
1103
2212
1453
1365
377
905
1842
3799
3842
1743
443
1224
1061
1840
2794
1533
1065
2553
3501
2627
3473
228
821
3754
959
1990
514
1134
1299
1240
759
924
649
3842
3265
2279
2837
1911
410
1064
2818
2897
1911
1112
205
2791
2381
436
259
1654
588
137
1891
557
3353
965
2165
2102
3342
1653
3490
697
1681
1627
3804
1557
62
3265
2393
933
1653
3081
1679
859
3729
2362
3361
934
1237
858
3071
1323
853
2564
1964
3360
2417
1197
74
608
3863
469
3424
600
362
1844
177
1546
2862
2602
3815
2790
1318
3264
560
2590
2343
665
1858
702
963
2703
1459
1240
3778
1644
802
2448
1540
243
3270
3297
1561
1855
887
3292
3271
3970
313
2317
2241
2824
1240
1656
3779
2063
3277
929
917
2342
375
2852
3423
228
3604
1758
1400
2403
1463
756
2578
153
1241
1951
1054
191
48
812
2634
2806
1958
980
2821
1353
3467
1634
2264
1317
949
3336
2696
1167
842
230
321
3747
3300
2995
1453
1672
966
714
3068
3664
1541
676
1134
2815
1326
295
2035
2491
3740
2660
373
1578
387
845
3670
354
2475
3774
732
1455
3258
823
3749
3141
270
1993
1459
2276
2575
1062
585
477
2654
1641
1925
88
2080
911
98
987
1012
488
304
36
68
1624
1924
31
746
822
1305
1515
1391
1253
2633
3040
21
1410
3917
533
3236
748
683
1127
2406
347
1934
1637
601
149
3359
3075
3593
3480
1893
135
2066
1253
326
1239
1747
2664
1888
1051
3448
984
740
3475
3274
2655
3838
2438
451
3200
10
2337
1558
1426
750
1035
235
3054
3879
1462
546
1338
715
1771
2065
1568
1008
1329
3443
1483
2474
1225
610
1198
3054
3009
3562
2079
1463
1002
1919
1313
2537
2133
1845
3693
1665
30
2938
3327
3551
1373
886
2427
3845
3994
2737
1082
1797
621
3267
1108
385
1437
3258
3532
2481
746
3945
1993
3974
3353
3279
3440
999
1838
3066
1667
252
127
1643
620
346
68
2777
1432
1554
3048
1225
3663
822
3994
1784
3304
1048
955
2917
2060
1137
3817
2036
272
3925
1886
1551
2123
3588
1122
75
1197
1630
1156
2449
644
1641
3005
1003
139
558
1554
411
1201
108
1171
3385
2945
3728
3750
101
3863
243
2753
3966
1165
833
430
565
1573
787
125
629
1403
462
34
3560
3420
1322
2153
3604
3137
252
701
1882
1445
427
2942
253
844
2718
1048
2218
1511
3752
1772
1345
3153
650
1855
1226
972
759
3225
3107
1510
360
213
318
1714
2244
1213
3044
2278
1984
3066
1394
1465
2865
1145
1248
2830
2605
1225
2285
731
696
2349
1625
3848
1762
968
1135
2793
1481
1476
1107
50
1312
3090
1525
1784
2177
1744
3074
1573
2447
520
3585
274
3628
633
3272
1644
2461
2417
1849
1604
832
990
1191
3805
87
3557
3064
767
3101
195
685
3539
1189
1974
3011
3210
1658
2561
119
95
2900
2173
2412
2362
40
541
1087
428
937
3439
442
985
2875
207
838
1678
3862
2621
2628
1472
2896
3875
3735
1307
487
386
1305
379
1214
1330
2986
1694
887
2128
2589
794
193
1783
1387
1283
3333
596
3856
2461
1055
3863
2749
96
462
3488
3308
712
1693
2420
2351
514
2800
3893
2339
490
709
724
991
3511
791
5
2996
3261
2682
3617
3802
1027
766
7
3608
1623
3914
3484
2296
2097
551
1859
816
2247
2655
303
1024
1650
2598
1071
1171
3952
1016
2956
1250
1153
3596
3804
938
2355
2658
2160
2971
2837
2305
3941
294
272
1207
1725
3928
1901
1382
1032
139
601
1165
1678
2980
2716
269
107
2974
324
62
1842
1216
1544
2190
1319
2054
2584
2312
2537
1351
3895
3559
1869
2925
923
3015
571
3469
2057
2451
1368
733
71
576
402
2810
1387
3930
422
323
3267
3614
1562
52
2132
1919
1479
2692
3841
1328
127
3619
166
2776
501
2320
1375
2099
3797
3786
3179
215
1852
2173
3341
1654
498
2620
2239
3447
1788
2192
218
1137
1287
553
187
339
1944
1738
1619
2529
2234
340
806
724
2415
270
3038
3252
1908
1781
202
388
559
1152
3478
993
1536
1795
2624
89
3741
2943
1871
3739
1547
145
3419
3509
3868
1300
1430
2877
1197
1713
754
219
3555
1885
189
1718
3154
417
1894
484
3442
1632
107
2288
256
3480
2562
3543
2480
3003
210
2900
1847
3874
449
937
3727
1265
3096
287
3229
1473
3136
1952
2541
3017
638
3073
3275
1381
3869
2453
3947
1788
2691
150
3580
423
572
573
646
1337
2207
2342
3562
1952
1098
691
1307
460
3449
747
1530
2445
2682
1175
728
1967
3144
2084
3261
977
3693
3540
1951
3159
3590
1543
579
3908
526
146
3631
227
2136
1294
2017
1349
2152
1004
1493
2240
1669
2651
1897
2706
1859
1078
358
1550
3144
1565
790
1112
721
57
62
1085
1562
479
3118
702
3518
2640
1351
1934
3463
1985
1087
2921
1171
16
2215
2010
1272
759
2775
111
1561
399
316
2490
3492
792
521
1537
2967
2369
313
507
342
2643
3324
771
2578
2338
824
978
2866
2438
1731
3462
733
3497
2298
3804
2861
1369
1233
851
563
1899
977
875
2607
3227
660
360
2698
2523
2736
519
3087
2463
2644
737
2881
3280
2383
3424
1998
422
3746
2683
2667
894
454
2089
784
2317
258
865
3982
3728
373
2010
1446
484
3402
1247
1073
1547
3571
3071
1924
3787
1247
3781
2929
3837
2171
2280
3005
1986
1280
2883
2946
2771
3342
3353
1020
1623
2602
306
2137
993
1320
954
3354
1561
415
622
1278
1583
133
1324
2498
2028
472
3615
2126
2914
1458
1663
2754
1608
1676
706
727
3645
2173
445
651
1469
192
1499
2977
3829
778
1379
633
3655
3668
99
929
477
2692
1780
3544
472
1472
1116
1471
3213
2667
2252
357
1209
2774
628
2695
437
1816
1327
772
1723
335
330
815
740
832
3532
1416
863
1181
974
1253
1589
1782
3280
3055
2665
3919
1305
3906
3746
497
827
1246
2693
2876
1367
325
299
2955
3256
3639
1507
2742
2903
2350
413
43
2453
1800
3216
2669
3885
2265
1
2913
1863
1294
492
3610
3059
3845
894
1661
1607
1683
2845
3870
3080
1927
508
1098
1726
2437
595
3740
1893
26
1835
1006
3980
1886
3694
2881
3441
3443
3918
2171
1103
1157
3005
2351
1997
2546
3535
2139
3448
314
3885
3902
430
3366
34
802
940
3607
1125
3630
1129
562
2258
1558
1947
405
517
2044
2418
943
366
3854
2203
2956
2513
3547
1853
1126
264
881
1352
2428
3076
3386
491
651
2774
3721
3161
3727
843
51
1235
1932
1059
1341
2373
3683
125
1185
3494
3511
257
557
3216
1846
669
1039
11
60
2234
169
1181
3549
3665
2226
3894
3098
1088
427
595
1164
3326
2833
432
3626
1082
3117
3296
1494
1771
1797
2515
1412
322
3699
3069
3727
2148
1837
1397
1130
3432
1384
2446
2873
1696
3162
2363
3517
500
3464
3929
247
999
2998
1622
1764
2124
3618
151
3691
2250
284
2469
1555
19
2817
1030
3207
1786
2680
798
1982
695
56
2592
1041
2175
1878
287
686
176
3607
1352
1252
81
2139
2905
1012
3049
1469
1842
3753
3007
396
519
366
1958
1612
743
1656
3444
1685
733
755
1582
952
637
1938
1994
2169
2746
864
1457
3927
3645
2156
2043
3183
1479
993
3964
2859
2959
412
1633
3672
1174
3450
1450
3424
1846
1308
122
3121
2862
1831
3196
3114
895
339
1850
1977
3737
3286
1689
2171
3201
849
690
105
3085
1662
2489
2726
2549
73
1073
1278
403
1955
719
3291
389
477
1011
506
3827
7
416
1073
949
60
1264
3857
1327
314
1084
1854
847
309
820
2982
1120
3159
2690
2599
196
263
3377
2392
944
3281
806
1659
2125
232
2619
3588
754
1380
2571
3149
1962
3344
3308
681
1746
1799
530
1985
1729
3267
1877
1359
1030
3217
3819
2349
1057
2183
3967
2087
3457
2249
3900
493
1068
938
1220
3063
2891
1910
53
2838
957
2867
763
3927
986
3390
1226
2386
1407
639
366
927
3879
676
2332
3207
3804
999
1343
1453
2954
974
2803
1068
81
1058
785
1777
2765
1633
742
3487
3852
3277
2675
1364
3450
2898
3093
3742
150
1908
1883
1076
2557
1558
2334
1827
3698
1195
1052
2132
2800
1298
776
526
2254
3287
738
2845
3112
554
98
1037
391
2136
3642
2743
1652
855
1472
3759
3891
2353
615
3246
91
26
757
1453
3652
2505
1254
2204
1657
3248
3789
2536
1332
411
1150
368
2139
2733
3164
1379
3717
473
2847
2428
1359
2117
1794
2945
2533
1990
800
1052
2735
1809
3641
234
950
1019
1923
1908
610
312
1743
1896
1983
1641
1065
533
2714
334
968
1772
3959
185
3173
1096
2896
2327
1363
22
2385
567
1531
200
1447
3935
1091
197
3388
420
34
3274
3496
1174
3754
1710
3045
2584
2995
1690
3667
3884
117
2564
349
3425
436
740
1141
744
1526
2097
3165
2723
1447
521
823
1450
1002
1365
295
3220
2475
1461
3561
1081
661
289
3626
1005
3681
2019
1090
3565
2678
1420
1733
3010
2639
1935
3193
2625
3149
3859
376
3971
1492
2965
2252
1640
3382
336
815
1326
1363
1886
2328
3273
1582
165
3007
319
2760
379
2927
2706
1704
1310
2175
2797
1711
368
1262
63
3564
1315
1536
2761
2616
1741
441
3975
2102
2791
513
2789
1677
2744
422
1895
951
3506
811
3281
1809
18
1297
335
379
824
877
440
3756
3040
1099
3055
2048
1564
2441
1525
1722
414
3410
2461
2476
492
1796
2650
713
2735
64
2698
2348
794
336
2996
1342
94
2960
1789
1156
2075
2077
156
630
2888
812
3430
2854
3274
258
250
1402
3830
3243
1043
553
1949
493
1320
348
1073
1960
937
1142
96
594
1871
954
1610
2758
178
647
3257
330
1983
2954
2238
1014
90
1601
2048
2546
2431
3465
564
1687
17
1880
1259
1844
177
116
1590
731
2840
1138
338
807
1047
2961
270
3133
654
3164
1727
106
332
3019
2084
1999
1115
2535
2206
2146
573
2214
1093
2625
1996
163
1437
3303
1380
63
1285
3441
3466
2486
3320
1942
1267
853
657
1239
2287
2624
1897
611
1631
1615
3544
349
3253
305
2437
65
3980
3314
3388
3711
938
2688
555
3274
1605
565
936
3597
3964
3856
3500
98
3365
1793
616
251
727
229
2715
971
2495
2742
1775
3245
684
2885
1304
1875
3183
3691
328
3987
3316
1683
1713
2438
2262
1257
389
3759
444
839
1127
3875
3251
83
1473
282
653
647
1700
2294
188
3499
84
221
508
2177
2783
3558
914
1129
2135
1690
974
1155
2085
37
1287
1898
3360
124
2849
55
2035
3885
2807
3304
715
1104
3240
1274
3094
3330
468
3391
3620
243
950
3737
661
1903
513
744
3209
1798
1483
1735
3541
372
2091
3935
1174
593
1832
2232
3575
1823
985
3057
1884
19
2758
1676
271
2494
3327
2727
864
1882
2378
3702
1026
3446
2964
456
2976
2583
3943
3117
3437
3516
3776
3272
271
3017
3908
2358
1966
1712
1685
1954
3464
1160
1607
3773
45
269
2771
340
3034
182
3752
1491
2264
1250
1038
1264
1333
1814
1663
1039
3202
3404
676
319
2634
373
3350
3556
2363
1198
1549
3158
106
1706
844
1531
598
2628
364
101
3790
2137
3356
3434
2119
2043
3307
3965
2532
2352
2980
3630
3588
1604
3025
2060
3654
70
1689
2359
1784
1501
3950
2088
3539
1345
514
1588
970
707
2941
1088
1607
3841
2102
2975
972
713
315
3707
1227
1023
1007
2664
3939
811
2338
1813
375
3261
2213
501
1450
1925
389
1806
2109
2749
974
2153
15
3170
759
271
3985
1620
1576
3664
1894
2155
2538
3452
1775
1795
2675
546
200
3158
972
1392
3716
3899
3299
145
3882
1407
800
3775
432
1946
3951
716
2124
3791
362
3603
899
2623
549
2602
908
543
1233
2009
2573
1843
1875
3434
3961
2575
3315
808
2662
1754
2211
2106
40
3515
1131
7
784
1024
2577
367
3042
1489
1944
1448
926
542
1278
3303
3057
2751
356
3544
297
3857
1056
912
1651
1359
1856
531
943
479
3169
1681
2070
2264
3133
2618
3703
375
862
1506
2984
2668
1723
115
1442
732
1613
1375
3538
1083
1676
1008
530
1541
3390
1634
2497
1843
2540
1301
3338
631
1634
959
2428
142
3242
475
1474
2064
3593
3440
1344
3674
1098
1851
1144
755
1360
886
530
1419
1159
86
3345
274
3122
649
3698
937
827
1197
2934
1017
693
3335
387
117
224
3852
3988
1869
2832
2440
1733
2310
1111
1073
2635
1099
1706
1542
277
3194
2047
3218
389
49
2916
1023
2971
1032
1619
1563
3937
1639
1766
1169
898
1644
2068
1650
3167
2930
2264
542
2364
58
1242
913
1278
1608
3629
2314
2193
54
611
2729
1435
3493
2012
1943
2797
1246
1785
1131
1623
1173
1421
87
2137
377
374
2397
3187
167
3617
946
2116
95
2951
2808
1033
2594
1860
58
1828
462
229
3256
1441
3654
973
787
2458
3528
443
3170
450
1943
1955
2653
1261
2943
2538
171
38
56
3364
3553
2205
410
566
257
3646
795
2817
2239
1224
2530
253
414
1829
3263
3680
1424
58
1170
168
16
3362
548
3034
1753
2586
2597
1761
1077
1916
3563
2292
972
374
825
754
1992
2311
633
3242
234
1340
125
1032
270
2939
1161
239
1222
947
977
441
2776
1452
649
1170
1797
2124
3874
3773
1024
792
2495
1845
1954
1075
415
921
2794
865
1534
1383
647
3571
2265
1227
2085
3291
515
1993
717
3825
1958
3694
1792
364
1060
3389
1210
3135
1198
3761
1496
2762
352
1537
3393
987
2228
194
1780
2965
700
3560
1701
3269
2042
2725
1291
1763
906
2778
2959
1367
1654
1462
3710
2118
1841
3361
2953
1227
1154
923
2433
3020
3836
100
30
2444
3747
2978
1886
989
775
542
273
3090
121
2662
3441
3104
1612
3758
2374
2072
938
1117
261
3058
877
60
980
92
1517
20
310
274
706
1968
297
412
3036
1646
3046
1794
2822
2716
2553
1926
119
1144
3946
2393
2341
578
2261
2950
3644
1755
506
305
172
3267
3424
1593
2432
84
3990
910
2986
1264
2256
1970
258
2220
1811
2282
3288
312
395
680
754
1555
1985
3336
3141
145
649
145
373
3164
3624
1695
3543
1440
2339
564
3320
1160
3111
2091
532
3442
288
2517
407
35
1154
266
1367
2251
116
949
152
1713
438
1963
3758
3470
213
2396
561
256
392
2923
808
253
215
713
1870
1337
2167
1573
2999
1034
2212
19
1576
1673
3255
2462
3794
3116
232
3515
2680
2569
1820
1475
952
2044
1672
3392
2233
1953
3145
2779
378
2403
2252
1874
2116
2365
2341
1768
2489
1812
1031
2934
1749
3111
977
2461
2735
3332
2082
3816
1828
4
677
298
187
3765
1561
1388
2441
384
261
1358
488
304
1748
912
3048
843
1462
1416
2131
845
2556
112
1167
256
1262
875
2630
801
3352
421
1838
785
1047
2386
3144
1620
1452
3291
1165
1184
3622
127
904
209
3650
3116
1355
1916
1461
1587
2633
3720
136
219
1631
312
931
352
3067
1812
3565
1182
3270
501
491
1474
1147
3152
2060
1060
3562
1129
632
1927
1583
1546
1760
1094
133
546
722
469
641
1919
1625
2164
2066
265
3833
202
365
2018
3488
2680
1435
637
2513
2683
495
1771
3778
1463
462
997
2484
77
1015
3265
3626
3260
1359
1505
3847
2823
2105
32
3503
3939
1761
1393
1634
593
1268
482
744
1485
1820
931
2061
979
1888
520
1276
579
3331
1608
26
441
1329
1278
1462
630
243
3246
168
2701
2490
1353
1562
2152
3605
1337
1471
2917
2015
677
2214
2802
3850
1964
1591
937
1058
1546
1729
1462
1968
2470
2986
3674
631
1759
1101
1350
1044
1736
1190
1652
1175
1497
1941
774
3579
1113
1765
7
2381
866
2817
1163
1476
1341
1118
3237
1599
2495
1100
1043
2829
3465
1446
1846
35
1767
336
947
1302
1932
3715
3281
893
3463
1113
875
194
2849
1657
2231
371
1727
3095
2868
2485
382
123
653
614
78
2014
1344
2496
209
2484
3471
2264
1300
1924
168
3638
3973
610
455
26
271
555
13
3509
3046
682
2499
3639
2514
418
3837
222
768
1825
667
2971
3659
2785
68
566
1967
2105
128
39
3704
3697
2261
2951
1544
3303
676
367
2569
785
1557
3815
2519
1279
1190
3223
3114
3639
2967
757
2017
1590
3377
1817
1166
1695
2628
922
2942
2124
515
118
2570
3375
1895
3648
2789
1416
732
411
452
2719
1458
2678
3374
3755
2630
993
2088
379
820
500
1046
290
3898
187
3144
273
2075
2375
2550
2905
947
3830
786
3574
1059
3366
3792
3017
3797
254
3464
246
2569
1763
1512
1586
3938
844
2602
1117
1856
729
3126
2747
2399
464
239
3211
2117
940
231
2841
555
2246
3499
313
933
192
2006
570
1118
2556
1561
3615
914
443
1290
1438
189
2064
3585
1859
955
3162
2208
1831
1452
57
1714
890
2400
727
3723
2559
2480
3264
953
1815
1040
144
479
1528
322
1692
1451
1623
1274
2966
1854
2366
3292
66
267
1153
865
1818
4
771
832
1037
1770
1464
1913
2773
2052
1224
1165
3183
1156
801
946
2293
3469
1549
2178
848
3176
3577
140
1471
973
1104
1357
2843
3757
1707
607
3533
3727
1098
3733
1751
1948
2774
1074
1866
1294
1016
1368
3433
887
3312
1028
3233
3312
326
2042
1066
1906
1709
14
626
3431
1450
1897
431
2340
47
124
869
2834
432
2770
1263
1407
246
3008
3004
3891
2903
3929
2726
149
1047
2647
2805
3475
3985
630
3616
455
569
162
3533
620
1230
3004
2240
3785
8
3914
1915
701
1602
2287
1231
2017
3249
619
624
2325
1488
497
3292
1707
3548
1533
1249
3525
1994
1194
831
548
875
1979
2682
45
633
1613
3962
1512
399
2950
2453
3562
2934
704
743
1168
1848
805
2917
3943
1374
3245
2981
1084
860
1566
1169
1480
860
2567
1055
963
3641
1289
3962
1136
1423
2701
2186
3137
2404
2872
3198
70
1852
3459
3977
917
779
3495
2009
867
1354
267
3457
3629
1811
490
1383
2221
1990
963
1924
3960
1507
1441
3782
1521
2137
629
3363
311
323
1057
603
1348
3761
479
2144
955
3935
1709
1559
382
935
2510
1193
3578
556
1669
2037
3184
3223
2992
3798
259
944
783
2543
2863
481
2505
1324
89
3822
3647
1226
3129
9
1023
3068
676
739
2025
599
1160
214
3935
734
2812
1478
2596
331
1338
1368
291
957
3253
2725
1937
3657
1339
3779
2932
3521
3223
3287
77
3037
1755
3512
3420
3054
1321
1132
3003
776
423
1935
1327
2449
2086
1171
482
1797
1839
264
983
1335
1125
862
377
1449
561
3866
1432
3373
314
890
3208
2705
235
768
3761
1796
2752
2020
3949
1751
2961
3448
1424
1901
593
742
827
922
973
224
477
1005
2442
741
1083
3225
357
2020
1061
357
168
182
3459
3484
942
2108
669
1171
949
1019
3436
2744
657
3092
3838
2033
3054
2578
484
235
1071
809
2230
985
1855
1996
3365
2883
3298
1683
1451
2161
736
808
864
1660
2358
3638
2016
203
2032
80
3026
2194
3299
1946
1816
1779
1084
3308
2318
41
2747
1131
1613
869
1309
3811
38
1188
1785
700
2182
1385
554
1527
1142
3300
806
412
1615
2074
406
1961
2918
2761
1527
3730
827
359
1120
765
1036
3265
740
2645
3053
1421
2094
1043
2347
1610
1685
1226
126
1469
1302
214
101
3713
1672
105
227
584
3376
1563
1060
3564
2731
1935
577
2751
2943
1216
2208
2424
488
1141
3385
3302
2269
1224
1757
3228
868
3286
1685
1662
1253
3170
1692
2552
647
167
831
721
2925
948
812
162
1860
1614
2533
2185
3929
1197
2529
2194
210
1426
1740
925
3146
146
802
2019
1985
395
3881
3101
88
1752
877
349
3071
456
3649
3043
1483
289
1518
2038
1264
182
2918
824
830
1066
1085
3244
1963
1528
1550
3603
1527
2904
3921
3153
113
2477
1422
2475
3200
360
1352
3726
2349
3888
2146
1504
1877
375
1096
2893
839
1355
2457
74
61
2073
3156
3081
2449
862
1186
896
2522
1122
2967
2555
3749
1898
413
2331
778
2015
3136
1944
1870
954
468
1201
3283
1580
872
3547
3467
2341
733
348
848
2045
1493
1265
1859
820
77
2256
3825
3330
65
2766
194
830
2758
3569
2428
1238
1011
1361
2566
993
336
1034
1405
2266
3776
3882
3344
3076
1979
2067
2976
915
1507
2655
1016
1601
2480
1929
3277
2845
2010
1971
3829
1598
605
224
1585
1029
2715
1588
3038
3135
291
2286
1022
1923
1275
813
1554
1217
2429
31
2410
2317
1226
931
3227
1695
698
65
272
1655
874
2662
1941
782
248
1125
1307
487
2024
2856
3743
3750
1589
3428
3647
224
1530
1825
2451
3035
1525
3328
2125
258
2849
2329
3497
3563
1686
3155
506
771
2133
2699
1345
1060
3854
1765
2733
982
1280
394
85
584
142
744
1753
606
1250
1536
249
1821
3424
759
3589
2463
143
3139
1234
3353
80
1319
3918
3981
2175
1215
1901
186
1453
1573
1028
2947
2425
1045
2762
2763
2021
614
850
3377
275
5
533
911
3405
741
2844
1309
76
175
3994
1250
3238
1788
1083
3483
1384
1943
3949
1955
753
3013
1004
1952
705
587
3756
660
1706
108
1855
1471
3518
2763
923
2920
3142
3925
394
3380
1984
975
1397
3108
3828
57
1100
1030
1327
1023
3239
2038
3019
624
3564
676
2737
2411
2168
580
965
1421
2055
641
1272
1284
1349
1988
1084
353
3110
735
2240
2493
1387
2443
1973
2148
575
1228
1912
1310
2534
3214
91
2027
3793
3626
2658
364
1544
3635
3174
1888
1583
1364
2225
718
1143
3974
126
1953
2888
2730
2453
2528
1290
100
1408
3406
3836
1188
1617
2554
1804
1636
1323
148
629
442
453
2627
174
1535
1997
353
1064
916
329
960
171
3375
1849
352
3101
2199
3257
121
755
1646
2152
285
709
1577
135
2169
326
792
1242
1598
1258
2958
1024
8
1198
820
289
1611
3945
1589
2097
1111
2448
2353
685
224
3053
744
2813
2392
2396
1513
441
3980
3948
2437
673
41
3954
858
2003
319
2474
235
1018
1508
1731
277
1631
1153
635
1102
386
3917
1449
917
228
2895
3815
1061
1538
1602
3840
2910
1681
2556
3224
2184
596
3397
823
1582
1248
3059
632
3546
671
2850
3968
1073
36
2221
1793
1926
1977
858
2827
776
56
1026
960
2555
1130
514
1848
975
1651
949
368
3679
134
561
3165
2283
3117
34
3637
424
1451
119
169
3662
3225
883
2250
3965
848
478
33
3365
2108
3354
1243
1887
3238
3832
923
3040
206
3595
1622
3297
713
251
1754
1359
2216
1085
3975
75
1353
590
2303
832
819
1211
2839
1847
2739
3229
391
1743
1654
3988
1505
3204
1897
3236
3523
1793
967
1325
1984
201
2005
686
1177
1622
2424
1660
375
96
95
2966
3622
3533
1746
3339
276
45
3062
2443
1181
1400
2966
2146
616
125
2874
1457
1480
2880
941
173
535
1763
2099
927
3665
883
584
2145
1635
2458
2367
1600
2934
796
769
1944
1218
1155
1883
804
1223
1808
3365
2757
382
830
2699
398
3922
879
1361
1159
3324
3998
1390
688
1742
1898
1743
1133
3902
709
379
3366
2018
1835
1963
2117
844
3615
3547
3433
2094
1107
1431
541
2944
146
3041
2541
774
104
919
41
3943
3767
2665
3925
232
1613
990
185
31
3541
1840
759
2933
283
1814
1515
1818
2957
1006
37
3443
1565
1659
822
444
1014
2244
733
1175
1971
1162
1465
1186
287
599
166
1623
2436
1712
1238
1253
456
853
1036
1463
3352
358
3560
1498
386
1252
865
1679
676
2433
1355
899
1895
880
1790
629
1315
302
2393
2158
742
529
3172
1669
60
2242
1281
1646
2357
1662
2105
1382
2530
1139
2498
3092
3151
2976
1018
364
1331
718
1718
481
3161
3050
2294
1253
2677
3876
1833
408
262
3958
2943
3830
1854
2750
3107
896
3984
2055
3736
1624
2742
3479
348
952
136
458
949
2173
2561
2653
3746
2089
943
1963
167
1874
1342
3892
380
1267
3713
1832
332
2427
138
1540
2005
326
701
571
1615
3446
3526
888
777
3152
2153
1496
996
1913
729
3063
89
353
2828
1811
1511
3727
2107
3001
2163
2929
1957
2848
1650
2394
3094
393
2445
1657
1196
1254
1754
209
1787
2459
21
1415
2416
2122
1669
297
3880
113
1869
2583
1254
1692
1820
1746
3496
3920
730
745
555
666
575
208
1185
772
832
1733
3974
2826
3565
220
2259
2695
2959
2768
2208
1999
1277
2252
40
89
1645
1942
2665
2926
3883
2960
3164
356
1731
2574
604
79
3086
3141
80
1939
1086
1440
773
1146
564
1099
761
2208
83
2173
1573
182
342
822
1124
1062
249
3068
1996
602
972
2474
3479
245
1894
1035
745
1789
1885
2671
294
1725
2511
2399
1020
797
1450
867
460
3400
1468
347
1677
1668
785
430
2144
2836
3284
1140
907
1994
2486
1349
606
1814
1152
145
2112
697
590
1164
114
3903
3422
2027
1739
3526
3922
1586
1712
2173
153
575
3239
1229
2675
333
2045
3302
1057
3527
3103
3433
1936
381
3740
1520
3999
871
3491
2873
1084
2401
1454
3466
3417
2709
3704
3244
1530
2039
3442
974
1550
3510
3611
376
243
1543
1190
2279
3946
177
532
1655
358
3084
3405
31
965
2264
463
3921
1800
3177
2362
3887
1319
1985
2670
1667
180
3847
2570
1970
761
92
2330
3443
266
3197
3596
1839
775
1321
315
2743
577
2144
545
1941
1601
3049
243
3170
1048
845
2192
2546
3237
3826
3056
1974
2306
1118
3915
3321
2552
3156
2140
1272
2946
866
503
2013
771
1605
2891
506
36
2262
1100
505
1213
2015
1874
243
1488
3843
925
124
1743
3544
92
3131
1289
239
1329
388
3452
45
870
2062
1914
2359
2265
2814
3843
712
1286
1276
1566
3435
814
2430
3200
470
3081
816
2981
804
1584
1496
3800
598
84
1757
3100
3961
1549
1155
243
2013
3966
2
2381
3320
1250
1933
2949
724
2863
489
970
3590
2384
1321
2444
1778
173
260
3195
2965
2181
684
3253
127
2307
1597
1742
1499
1847
3293
892
3685
2133
1523
1785
1118
1018
928
2790
149
543
3204
1305
2234
1296
479
2580
376
1147
2628
1017
231
3540
2146
3397
166
2293
1803
2347
617
3772
1282
1194
2082
1912
24
1009
3787
2865
1781
3507
2980
1534
1713
3867
2027
3723
3640
528
3043
2824
2357
3418
3492
2056
2689
1216
1466
1546
1426
2936
3065
786
1287
3560
881
1772
1541
174
1805
85
2501
3936
1562
734
1658
1863
2302
1348
76
2462
1290
3634
3225
1464
3466
1424
632
140
1772
1937
3142
421
1254
64
2637
3198
195
1157
3380
730
1936
967
862
1073
241
1449
915
2788
147
1497
2813
3635
752
752
649
3862
1601
2559
1054
3256
2631
266
1384
3928
1435
1901
3445
925
156
292
2931
2933
2144
453
2343
2133
417
1493
1848
2768
1504
2116
1071
1315
765
1173
3786
837
1860
2338
3034
1840
503
1866
3314
1003
2442
2270
859
1442
2071
652
3403
1383
2317
2253
3608
1246
372
273
581
1894
3570
3376
2445
2442
1913
1289
1224
1500
115
3194
82
840
2550
1443
3484
3533
473
1385
3415
3142
1016
181
253
3163
3297
1162
3956
62
2933
555
923
2532
3987
1396
461
1672
1742
1265
2222
1925
2566
2860
3698
3915
3597
746
2286
1239
3611
1583
100
2778
597
2723
1723
3237
3027
9
1052
1525
2711
3614
3422
341
3196
1094
1727
2199
1000
3086
2322
1254
1419
3325
22
325
3548
2382
2051
2587
2264
3335
436
240
1206
2668
1736
2944
177
2230
2335
724
891
1379
400
2250
3245
668
774
1236
423
1753
623
926
2218
1353
3080
3403
697
1059
698
3353
1794
861
892
2915
2743
210
2728
3032
726
1018
2448
2521
1593
1861
2816
1725
2127
346
3364
1532
263
476
2414
669
1633
1375
2678
3396
2934
128
1817
1575
2164
965
460
1672
3484
477
1574
1146
750
3676
1653
3266
1986
859
2485
1921
133
837
3497
463
1117
205
844
3396
1022
1016
1694
2814
752
1981
686
1430
1763
2690
2324
1632
1534
2238
879
12
331
303
300
321
3644
2728
1633
2168
3507
2995
3554
2349
753
138
1912
2116
1103
1049
2410
2273
1646
2154
3907
2047
3149
2934
2268
3236
1494
3954
819
481
2931
3445
2756
2770
673
3204
197
125
2830
3277
1566
2174
1790
1294
1534
3515
3379
1334
1021
1885
1474
3868
2242
821
868
772
2984
710
324
3333
776
3498
3976
653
2928
2527
2961
2204
1721
3129
3383
1862
2330
2796
2181
619
3369
1534
2746
3234
2733
521
1776
1778
358
3077
3889
1406
1130
902
1460
3668
481
3037
2100
3473
1353
1041
2246
250
1875
1667
2098
2465
219
2886
1228
836
3258
1442
511
3358
1241
3676
1148
354
218
354
1814
3062
2810
1944
1986
2123
81
1361
3487
759
2220
1522
760
3701
2616
2242
2225
311
2218
3650
3845
3199
1954
2041
132
908
480
1149
1244
1228
2356
1401
1083
3493
546
3644
2436
2243
1135
1636
3314
491
2944
1044
1528
1106
2099
306
1010
639
2124
1917
1595
686
1806
316
2893
3618
3819
3749
3741
1713
1094
1178
2417
192
2042
2183
1992
2764
3591
777
735
1849
647
969
1055
855
315
3019
1250
3949
3795
2619
3257
3829
1623
3855
3694
2843
3972
701
2394
757
1886
1053
1064
3804
3971
775
2337
1690
2569
1809
1599
502
169
3246
3081
1980
634
836
232
324
238
2398
2559
245
1850
2177
963
1042
3004
1087
3474
1278
2973
624
2177
2757
1625
1396
1160
1337
1405
1433
2860
3109
2514
3304
1068
492
143
1503
189
1142
1587
3296
1719
2070
1554
1114
1162
3386
3450
2535
2811
3237
49
3251
419
867
1532
3872
147
171
2358
2080
3602
2091
2272
384
3963
2965
1555
1039
2645
1749
3823
1908
963
1716
2076
1093
543
3237
3973
2759
3810
2150
462
3380
2655
1512
3663
1261
242
4
102
2499
1305
3744
1556
726
3486
1283
2717
1434
211
1415
1071
2175
3653
3962
1159
1516
19
2968
2896
3651
1693
2619
1263
456
1686
396
110
1101
634
1024
3228
1411
3962
3616
3191
249
3407
284
3738
1255
1372
3587
1561
1268
2744
2925
1919
1652
1435
920
1044
616
1121
1950
2458
2625
2686
1072
1468
2003
3306
3602
1823
3314
1189
937
1620
3458
1258
2000
1456
1504
229
2178
1032
329
773
1690
2716
207
1476
3145
405
2019
1542
1703
1275
985
999
1713
916
2052
2101
488
483
2845
159
1431
652
3207
2405
2120
130
489
3116
1861
1142
51
3620
1843
2787
3298
1437
2499
343
1750
3316
565
136
2594
2252
450
1423
2942
3885
731
514
361
2406
1481
948
3251
2967
1568
1355
712
1530
59
2300
2890
2735
3726
370
2362
2929
786
501
1950
1820
859
2986
3142
2737
444
1383
1155
392
54
3400
2620
2840
3749
2576
1357
1442
2272
160
2040
72
1762
660
1832
3674
1277
2809
1715
767
3565
1542
1369
3203
952
884
207
1857
3977
3885
1804
2449
423
751
2218
1844
1133
2029
1773
2357
2477
2331
1415
3695
2068
3037
932
3716
1146
2267
182
1263
2643
3845
2498
1689
2875
1830
163
3256
785
1596
347
1551
58
1396
3829
3502
1299
2325
2069
1345
1369
193
2357
1923
3409
3789
1044
3917
1143
1595
3511
1029
1852
446
3126
630
1925
3259
2335
2943
1236
483
2084
2470
3662
585
3048
3241
322
78
2161
3523
1372
2380
1805
1898
1319
98
1358
3638
1346
1879
974
2958
2532
308
1564
2074
217
2607
3912
1296
354
130
605
1386
164
1137
2577
548
3566
3558
2681
2204
33
776
810
2194
3659
487
2425
1537
2954
1550
3039
2977
159
2373
3013
1005
3171
1272
2951
1264
1852
2612
1607
3195
3891
1301
2246
2918
2020
667
1794
775
146
3462
3388
494
2394
482
1908
3806
3603
2362
467
3375
207
772
1795
2223
2853
844
2509
232
3665
18
176
3231
1478
203
932
2111
3435
2757
855
747
488
1334
970
2065
226
3868
2429
67
370
3741
3557
573
6
1232
1536
2663
1144
208
1877
3989
341
3442
16
2472
892
3226
213
3897
1483
1587
1730
1273
760
331
2444
1529
3320
1309
1460
2616
1487
328
1013
842
1117
3741
2469
152
2375
2396
2586
884
896
2480
534
2314
2383
943
118
2506
240
2935
811
1905
394
2102
715
1827
514
1892
3608
2663
3817
2749
306
2530
781
291
1913
2263
1313
595
3140
3392
3137
1079
1610
1638
845
1781
2296
1895
1118
3615
3384
3140
2320
522
420
257
1515
2937
196
3892
1221
603
3283
436
15
3220
3721
2834
1731
2323
2275
1124
1060
3537
45
3026
3078
2623
3269
965
2468
566
650
2916
653
2091
707
3803
2797
3889
3784
2912
3463
649
162
1692
58
463
1676
387
3059
3832
3592
1878
434
3554
1043
3143
1347
393
3159
2443
352
902
2451
3666
1657
1822
438
2022
1123
63
993
3498
3251
1565
324
1627
260
689
2411
737
765
2432
2050
2846
2807
3735
377
1543
670
1584
952
2597
2835
812
2417
3666
3450
2448
2079
2904
3390
380
577
95
1108
643
3731
1707
3149
2812
1723
1116
933
2684
1851
721
504
87
3901
1953
6
338
3925
697
313
1338
2952
786
1859
2854
1373
2824
3505
1912
1438
1296
1847
656
3066
1641
1912
2186
1214
1744
334
1413
2347
1445
558
55
1503
255
2317
946
287
1943
1306
1490
347
680
2246
206
3647
794
669
1864
3777
2656
3916
184
1345
1318
65
461
3456
3624
2235
3578
1984
2051
433
352
1244
641
3158
3860
2284
1717
1318
1824
2281
3337
450
837
1372
1056
839
3577
3420
682
2106
61
2843
37
3901
90
3518
2924
1464
2998
3643
3374
2659
511
1352
2833
3426
1338
2328
1289
3396
3782
2363
605
1880
2381
563
753
1247
1195
1247
1034
1108
2042
445
2965
688
2993
1452
2172
2551
3438
941
780
1017
1432
828
667
1549
1530
455
3322
3432
1643
3274
2621
2512
2711
3410
1868
3229
2889
2565
2050
3652
1463
3039
591
2262
1285
2405
1978
3960
1893
1322
1553
1924
3854
537
2039
3359
2257
1742
1324
677
1930
2497
134
2619
830
3021
1705
2361
1054
2041
924
1677
736
2505
1092
755
1888
3269
1363
213
2954
1968
3743
2409
3546
1940
1596
628
175
3274
681
3104
2560
1964
3975
1121
1929
1445
1428
1104
3564
1627
342
1743
719
3856
3732
713
752
949
1233
151
3692
1300
3634
1480
395
1513
3590
3861
1028
484
2526
1165
1023
2584
1633
18
269
403
2659
2171
477
802
506
3669
1450
1784
2663
627
853
446
