111
122
27
48
195
278
211
31
154
98
145
188
397
141
380
23
285
138
393
125
45
99
299
59
129
378
25
230
131
152
283
1
7
13
264
82
152
83
213
298
12
345
360
331
125
248
339
22
134
181
130
88
56
389
26
39
363
71
46
77
373
108
257
396
141
139
203
233
127
112
147
4
383
176
168
53
149
86
216
58
144
167
129
55
341
238
371
374
360
58
130
107
182
245
123
227
38
104
56
48
123
198
247
394
129
349
22
119
389
0
191
316
245
264
227
124
310
31
105
104
218
341
130
57
71
151
143
165
94
32
119
342
96
129
336
208
311
391
127
211
130
112
3
193
262
164
146
9
135
388
343
232
154
62
132
19
6
21
327
135
131
197
319
55
70
47
353
333
101
283
192
187
299
142
308
127
346
124
232
116
38
156
240
117
139
5
98
226
93
333
162
157
276
104
292
71
68
15
96
234
18
14
383
56
190
112
113
107
56
10
307
22
321
296
11
173
17
315
27
337
153
91
263
67
384
212
256
175
179
208
247
145
150
167
378
18
70
91
76
39
186
57
356
187
25
249
80
4
68
86
229
366
121
73
227
13
50
171
73
354
122
89
308
17
209
7
115
328
143
114
59
45
46
60
19
11
261
83
128
37
307
16
37
374
183
118
330
311
119
45
383
98
123
192
44
315
384
193
214
129
84
345
332
158
221
146
272
265
117
120
149
88
41
244
100
381
171
275
389
25
230
262
256
97
269
112
239
58
27
56
134
4
56
17
5
371
12
270
92
111
89
358
35
24
265
79
357
265
199
6
104
272
26
161
237
307
258
42
54
167
95
309
97
376
229
352
287
105
38
142
286
284
267
97
29
213
356
154
230
308
51
240
35
77
82
142
84
137
265
389
9
394
44
122
156
175
276
284
230
329
100
97
65
339
93
248
363
170
234
329
65
175
213
301
157
352
124
29
107
22
286
153
292
8
58
106
378
223
252
368
243
106
381
68
104
376
189
346
123
189
322
187
295
64
103
397
32
239
159
223
50
211
161
41
341
197
290
279
191
20
149
29
115
56
136
62
124
133
13
270
248
358
115
8
344
349
33
223
282
135
199
198
97
314
132
198
231
121
394
0
366
381
237
62
174
245
344
354
90
154
298
399
0
20
154
316
235
104
92
4
130
24
289
14
226
322
31
168
63
103
26
22
85
4
94
334
110
30
162
187
367
1
216
160
36
73
313
98
257
307
232
61
201
101
74
155
259
14
238
171
191
91
22
284
227
177
351
12
180
320
226
239
208
306
29
190
270
164
363
146
94
34
161
95
360
229
192
355
283
349
333
147
18
47
217
172
45
249
40
210
160
98
227
151
66
68
280
218
283
320
365
49
386
306
50
398
253
348
8
350
45
345
69
152
378
151
172
105
96
197
14
119
184
76
268
52
167
1
70
384
254
162
69
322
169
255
232
18
383
11
116
24
200
18
200
277
186
247
28
122
189
303
169
225
94
251
305
63
6
39
122
133
388
13
321
384
232
357
399
380
237
25
117
270
66
9
312
43
364
337
311
354
217
210
252
117
182
101
71
278
312
107
171
54
119
273
24
219
42
32
62
284
29
195
264
14
227
148
291
74
37
98
75
163
399
189
131
348
260
111
368
345
375
234
299
58
292
302
301
103
97
74
55
15
96
215
122
230
36
368
125
367
251
192
232
199
382
120
173
357
258
383
30
120
33
382
52
42
197
393
254
135
134
364
1
89
115
90
45
25
336
28
121
389
276
37
197
104
30
211
270
182
60
80
119
27
224
382
90
280
15
243
377
7
156
38
375
303
64
140
95
159
131
254
26
43
399
61
215
11
380
112
8
162
142
40
113
388
128
12
79
85
206
57
34
47
395
249
20
211
12
17
194
272
269
99
90
180
4
71
59
24
77
184
222
340
149
150
253
95
78
298
53
105
329
366
250
259
135
297
151
220
278
94
380
336
211
194
347
398
140
44
192
378
30
154
130
159
327
72
51
16
133
5
61
3
372
66
389
320
81
180
47
367
107
80
37
346
324
218
213
161
279
153
20
201
63
123
115
218
166
50
106
160
351
196
41
247
36
142
126
162
243
95
108
171
100
204
235
47
115
102
149
187
1
389
276
77
124
55
169
147
21
213
397
339
129
277
219
120
172
317
23
319
216
111
156
108
12
317
332
295
166
336
205
70
297
162
246
70
96
31
166
131
200
391
16
324
287
103
74
359
25
75
283
144
66
321
51
328
74
288
229
200
98
12
252
35
2
175
352
341
194
98
192
379
378
356
82
273
208
136
141
228
83
141
109
244
180
285
41
82
52
79
341
182
11
343
8
178
131
57
47
186
8
248
131
347
183
122
209
126
48
144
304
76
127
263
369
97
254
98
340
303
223
308
12
322
20
310
193
344
6
0
85
169
19
18
31
70
209
299
394
11
392
27
296
64
336
187
15
59
343
327
15
271
206
8
253
29
28
340
21
38
49
205
35
399
36
341
374
124
15
362
21
3
167
210
192
364
35
284
113
2
109
102
82
163
82
188
113
21
27
19
316
144
113
116
193
123
194
84
231
154
142
126
94
166
198
267
54
179
126
80
24
181
164
389
156
86
236
154
392
181
89
198
80
305
178
224
178
135
285
251
246
330
17
181
45
284
236
80
399
80
265
333
247
199
162
328
5
21
196
180
360
367
368
357
209
293
368
89
58
396
97
244
43
231
107
182
344
107
130
153
231
337
125
384
51
182
6
263
302
230
190
95
380
131
167
128
352
266
386
219
12
149
391
170
59
64
364
128
90
93
151
20
79
34
149
97
258
130
302
287
197
218
90
164
328
47
79
215
21
148
267
50
203
269
65
25
156
115
308
39
135
190
202
3
387
161
134
288
354
58
70
95
166
140
377
183
52
367
271
102
256
94
111
31
319
176
281
31
41
132
122
285
375
55
271
93
31
134
24
229
287
38
159
69
69
88
97
5
156
46
135
8
85
40
64
133
85
48
77
255
176
172
60
315
165
259
357
9
55
202
117
106
97
352
87
252
195
225
3
57
151
188
15
329
143
320
261
20
134
395
356
303
238
42
23
31
396
70
342
193
178
7
271
194
278
88
175
236
118
168
239
221
264
95
351
208
32
177
395
188
213
82
97
78
311
134
330
23
59
326
184
141
13
371
89
186
386
80
108
370
28
334
168
331
57
162
117
355
197
279
9
218
7
280
371
50
116
384
173
56
387
41
178
31
257
188
57
147
323
38
252
11
214
184
34
327
322
75
223
79
86
195
4
347
375
388
184
28
292
144
61
52
258
53
277
44
23
30
255
347
38
387
73
276
206
188
91
9
229
168
21
51
36
169
148
230
21
25
353
189
395
265
334
66
207
276
283
352
93
63
40
377
348
191
238
150
5
154
252
198
43
195
132
299
323
346
70
190
277
372
384
283
22
362
253
139
116
272
52
234
243
180
176
229
341
61
7
335
74
74
54
55
76
216
387
283
181
215
218
119
14
115
368
325
272
251
42
199
138
330
208
337
219
337
133
131
135
183
335
203
387
187
15
5
318
128
169
33
388
397
305
141
363
270
19
331
168
131
26
181
46
127
257
285
65
37
301
366
82
14
366
260
67
379
32
274
349
0
88
216
102
201
1
106
55
187
127
376
195
194
232
168
107
28
103
36
299
153
3
23
35
249
112
297
218
284
253
232
65
31
374
23
132
97
53
144
304
19
235
171
16
299
192
316
178
58
254
42
105
27
30
61
194
356
235
46
245
357
257
46
120
155
87
230
350
104
94
88
182
241
87
61
114
354
289
392
368
61
356
201
106
384
238
166
62
176
8
35
390
43
143
381
151
124
335
85
353
67
118
153
331
45
184
11
140
356
72
391
3
50
7
2
283
68
218
79
394
136
350
361
43
11
26
319
184
140
52
14
1
375
218
112
342
123
151
262
39
39
243
117
71
362
132
29
79
303
263
254
226
91
376
269
46
108
249
327
95
294
41
125
9
38
295
297
395
349
237
243
121
21
17
97
284
117
156
24
165
242
108
69
1
238
115
97
130
149
345
393
198
42
77
136
31
91
197
220
107
323
329
181
66
296
243
0
391
332
323
192
196
69
71
129
285
67
26
152
118
214
271
15
27
279
367
155
231
58
94
119
84
364
180
184
319
94
55
264
28
44
74
222
183
123
109
95
73
173
6
193
246
44
397
173
64
195
259
87
181
128
52
239
342
192
229
339
64
316
2
292
26
257
84
37
35
239
4
220
119
116
109
253
113
97
216
61
215
19
109
190
392
35
379
167
261
280
195
107
54
257
162
94
160
215
232
362
303
229
5
51
320
53
155
19
101
230
26
87
255
64
366
265
274
184
318
365
181
66
78
213
181
83
128
33
113
54
88
254
370
185
373
70
6
280
23
310
260
159
40
62
192
83
191
118
9
267
388
227
247
163
213
276
351
177
373
349
143
127
125
55
59
282
54
328
22
148
236
154
180
140
50
136
293
125
276
132
129
26
18
22
144
102
241
71
339
12
43
135
43
347
60
114
142
35
51
188
238
123
10
51
291
353
41
11
266
253
102
42
285
23
289
142
360
206
132
87
281
88
368
342
12
160
349
283
105
213
304
124
369
355
101
363
42
157
260
176
338
238
267
45
13
17
157
100
77
347
10
130
326
340
113
127
114
389
13
239
143
226
71
284
270
39
328
124
179
53
43
304
274
104
127
49
386
72
231
140
104
128
180
372
275
367
104
236
189
123
299
67
338
167
83
25
322
111
90
146
300
47
144
35
174
315
73
23
10
375
131
174
303
381
336
82
66
248
249
45
380
223
76
17
260
31
318
235
22
270
254
319
328
4
71
378
131
138
21
124
181
349
149
38
32
29
387
220
197
141
356
128
118
40
84
236
17
222
25
335
292
327
231
191
93
29
245
150
342
312
198
189
101
341
124
110
356
17
188
344
91
231
264
12
286
48
280
155
281
360
71
117
185
122
326
69
139
120
212
336
122
309
399
69
8
364
268
356
247
363
285
363
177
22
194
209
396
328
189
284
391
322
142
93
290
90
250
123
97
315
226
97
161
131
264
167
232
213
304
145
124
135
278
222
225
172
355
168
53
385
149
162
58
287
5
104
137
129
39
300
320
378
113
258
32
389
134
119
299
105
162
194
206
64
101
69
21
50
0
210
154
167
162
118
205
76
121
130
132
13
219
172
123
190
265
154
95
223
162
128
196
292
62
199
197
112
27
131
16
91
44
216
172
158
104
23
214
73
173
132
292
200
138
97
153
10
228
43
178
325
299
319
58
79
210
184
242
331
219
174
336
38
273
176
325
68
25
393
270
276
119
192
74
83
85
313
176
211
224
296
293
101
132
200
370
356
333
291
171
153
347
85
290
278
63
74
29
59
306
147
84
26
47
146
350
89
178
391
90
279
45
234
285
136
16
242
386
214
104
202
164
101
341
122
147
139
240
264
92
297
189
253
104
33
3
210
227
203
57
304
40
102
169
262
19
211
55
338
5
117
2
160
128
278
142
53
314
154
56
100
175
9
130
197
174
182
40
238
344
350
366
9
89
392
155
52
184
230
364
206
262
43
308
92
239
212
210
328
229
42
203
135
115
237
302
241
311
391
58
158
107
170
62
7
287
376
252
64
246
121
170
367
120
347
147
283
235
63
252
367
330
33
313
291
316
28
380
56
387
37
126
284
126
151
375
26
9
362
102
124
293
74
30
278
18
176
179
193
66
336
65
263
238
290
134
43
295
316
129
391
239
6
109
5
33
233
230
154
245
3
72
278
122
151
132
54
366
399
182
234
360
167
351
378
183
271
93
161
361
378
360
396
190
167
15
232
64
153
113
225
389
169
36
95
203
302
300
122
125
264
362
146
109
267
190
12
245
253
154
86
239
256
151
25
185
139
340
28
90
139
246
291
224
292
99
171
56
321
55
289
176
314
360
176
322
35
24
279
183
227
290
290
33
318
38
371
136
229
56
120
43
73
54
299
83
178
215
276
180
140
237
244
72
127
362
170
93
340
213
43
151
68
25
253
32
17
152
78
21
337
152
164
36
293
285
193
9
159
342
104
279
185
180
119
201
306
59
148
395
44
76
365
17
20
355
132
318
193
98
53
232
74
261
122
278
311
221
127
44
350
264
179
358
3
175
114
75
75
221
226
180
340
120
314
46
132
170
179
169
149
198
188
252
191
287
95
384
113
246
1
116
301
144
369
17
156
66
388
319
55
36
341
289
111
324
331
161
106
139
183
159
327
341
79
139
357
90
289
14
207
63
138
140
276
329
183
121
222
121
182
160
38
6
53
11
177
370
244
97
271
293
34
228
291
116
31
361
72
231
211
384
101
370
7
167
82
246
126
172
271
21
232
192
395
32
339
161
304
81
288
168
51
7
398
317
380
218
200
197
4
384
152
132
285
73
287
187
264
386
36
323
55
329
340
44
211
103
15
59
159
219
395
347
302
214
120
287
96
6
175
340
213
263
87
16
58
28
227
135
101
200
387
286
188
26
36
61
158
317
228
128
374
272
395
189
247
139
119
392
160
175
51
28
239
208
299
287
83
36
41
373
337
298
123
148
395
305
221
146
213
80
105
13
159
324
266
45
7
113
159
6
134
187
32
365
214
363
33
253
56
347
279
16
392
103
121
225
67
46
331
330
112
298
192
360
87
47
324
196
382
220
327
312
284
333
377
2
263
79
119
180
184
82
151
253
133
132
180
47
147
372
228
165
206
77
315
196
28
243
331
209
147
302
143
280
152
96
237
120
77
179
284
212
265
128
388
297
329
74
399
334
164
90
114
238
257
369
160
118
147
58
133
254
323
354
203
65
354
15
116
320
302
22
316
331
125
88
372
399
173
149
123
336
75
155
267
212
388
338
320
57
261
81
46
5
125
64
118
309
133
20
360
112
88
269
119
320
253
5
27
139
328
300
149
141
367
5
119
44
71
250
147
41
90
260
260
131
137
224
208
262
261
305
44
22
43
98
167
115
296
187
329
214
179
37
68
23
343
215
356
11
142
222
35
170
324
97
0
101
379
189
9
164
86
358
149
5
334
248
351
351
303
63
353
376
24
193
105
90
132
191
338
60
268
54
0
105
136
198
65
105
252
106
65
49
143
223
260
160
253
58
43
87
86
332
175
10
133
10
33
262
34
131
102
237
160
315
40
246
184
209
170
234
32
143
320
61
302
106
128
123
34
171
256
206
394
142
195
89
178
2
319
382
107
89
132
208
23
12
47
113
19
156
370
333
43
63
23
109
55
172
214
178
148
151
328
81
207
385
150
353
155
251
117
102
370
281
332
343
222
121
89
76
55
10
107
118
166
77
286
219
313
291
372
208
133
295
162
190
345
63
18
53
164
361
259
294
282
35
295
396
51
274
286
1
68
121
215
33
138
296
223
117
1
238
361
126
16
258
265
49
4
347
268
0
66
163
169
48
56
60
320
268
107
47
37
291
339
187
25
158
30
167
16
126
90
148
81
320
376
226
136
100
139
110
363
93
121
125
333
237
43
38
394
235
106
256
222
356
307
362
81
31
162
207
399
198
81
199
316
187
147
11
2
190
169
243
333
119
378
344
140
133
380
241
265
66
250
380
197
51
264
172
70
37
314
255
346
110
32
272
173
100
157
150
197
49
356
192
361
332
249
313
128
171
16
10
242
103
182
235
166
50
80
171
359
202
383
89
130
36
168
183
174
201
91
184
261
395
86
282
241
110
341
300
340
375
332
243
130
46
361
128
12
10
260
322
333
372
66
292
114
325
299
259
27
329
315
213
198
65
169
69
371
80
362
367
261
10
177
9
77
150
339
28
141
239
167
228
141
223
222
161
192
57
23
246
102
105
39
230
60
181
30
104
324
18
55
23
377
30
79
300
1
189
58
55
104
96
117
396
228
29
359
137
155
212
341
321
41
105
303
46
59
198
227
22
338
169
360
372
135
253
148
310
342
119
182
397
62
116
125
270
368
47
164
200
362
165
17
37
124
161
327
390
71
258
129
221
105
34
30
60
132
75
298
170
235
97
115
160
90
168
48
270
1
130
71
244
134
328
260
215
235
97
261
107
393
336
370
132
151
170
97
115
139
45
304
141
157
297
67
337
364
82
104
151
192
171
210
176
185
238
247
213
156
370
265
31
266
313
178
304
351
176
7
129
139
248
212
93
341
327
334
147
331
148
49
126
323
380
67
316
329
345
268
13
362
76
172
30
322
141
18
177
164
321
275
266
201
250
140
14
171
45
199
51
97
321
374
133
71
98
180
64
272
198
72
393
183
40
232
52
250
219
193
363
133
392
7
116
33
338
22
13
396
365
238
284
311
183
277
151
43
71
187
123
168
193
4
104
11
152
275
119
9
244
33
20
185
122
262
224
190
24
395
118
66
96
78
118
79
137
261
30
229
106
185
182
49
95
320
152
125
126
132
319
370
158
319
154
140
175
124
141
6
181
37
169
306
274
65
9
23
297
166
187
319
96
170
46
195
109
266
175
319
147
380
150
77
26
167
119
82
125
292
142
56
1
54
264
353
206
328
101
324
252
351
385
21
167
121
171
80
304
379
256
263
33
23
37
265
131
287
297
379
349
187
236
354
358
122
277
68
206
365
389
247
121
300
34
77
74
108
43
166
86
317
130
154
115
334
177
195
87
122
321
353
113
3
131
150
111
182
10
388
195
302
60
84
74
73
141
121
161
97
169
130
182
333
285
124
188
239
324
344
150
257
5
150
144
222
159
180
120
14
237
160
53
37
370
299
240
2
171
26
41
59
106
261
160
100
80
231
192
367
263
150
60
384
0
318
146
350
283
34
311
25
124
133
70
229
23
230
167
28
82
196
135
72
200
25
247
148
93
311
148
346
397
51
3
59
223
285
48
139
44
108
255
252
45
145
91
72
48
361
65
358
21
52
100
275
98
205
153
125
210
95
389
298
18
179
22
138
4
230
3
254
54
27
381
170
66
152
298
10
183
43
240
39
52
118
298
117
160
39
252
234
30
127
231
224
230
35
178
237
346
135
15
335
365
193
130
114
382
153
163
93
151
77
46
22
243
18
137
30
29
0
123
132
213
60
232
242
278
271
53
150
150
77
26
32
169
142
275
87
187
330
17
65
178
20
145
225
70
330
228
340
204
44
163
230
49
3
128
390
114
236
189
141
351
243
238
157
169
132
126
20
199
211
246
145
299
156
382
78
60
90
244
50
385
45
38
225
384
253
128
196
336
369
143
368
174
249
49
184
237
124
352
190
82
253
294
46
181
39
388
309
262
159
59
129
290
291
107
72
219
116
203
42
161
174
37
195
293
33
256
34
165
320
57
296
22
347
84
314
77
254
129
11
52
158
317
22
117
3
68
5
372
215
382
193
76
0
23
172
44
48
322
114
137
92
249
373
35
134
136
14
51
34
83
236
326
340
40
305
94
190
20
349
306
315
302
229
171
353
321
227
338
250
17
56
198
397
30
163
151
348
42
219
214
216
366
22
316
116
313
195
161
152
153
239
46
396
183
384
64
262
77
188
97
12
25
98
19
111
288
201
268
134
386
17
342
0
86
124
256
185
248
222
214
202
157
212
18
381
105
262
187
9
70
363
226
167
111
220
220
72
71
122
299
297
346
9
92
30
134
235
306
313
44
258
30
154
217
19
18
148
37
35
62
133
385
151
51
302
36
20
302
335
291
251
241
320
229
2
163
74
52
23
38
336
30
270
167
136
52
372
183
128
154
290
27
384
341
238
346
350
28
323
308
177
345
323
217
224
17
56
126
57
189
12
177
307
246
358
268
285
24
393
44
112
294
67
54
240
27
74
154
93
172
237
263
193
64
73
48
289
136
87
282
131
174
235
68
102
45
148
158
119
238
99
21
20
331
201
141
102
273
280
53
168
147
17
112
138
103
3
44
176
354
18
57
162
300
368
279
33
343
50
275
359
57
293
106
356
177
313
214
381
120
182
276
51
283
18
9
308
37
22
370
122
24
39
377
22
290
134
78
342
54
7
211
137
225
298
307
337
377
380
225
252
294
57
260
17
376
288
234
89
121
154
80
232
59
176
187
35
204
189
60
309
36
342
44
364
48
123
64
0
13
278
299
263
122
143
229
179
120
293
86
277
311
221
148
281
371
264
35
198
63
308
68
52
50
50
246
100
396
195
117
396
78
86
2
279
63
279
381
54
206
196
186
127
155
169
144
128
48
118
50
125
83
387
128
151
264
312
304
29
168
139
82
107
87
309
3
16
12
175
239
117
245
3
305
309
4
156
52
23
282
38
136
241
291
249
130
170
150
34
2
101
139
383
245
110
92
281
270
38
87
41
362
313
25
77
328
54
122
72
186
3
101
153
331
24
321
264
118
7
363
27
133
3
215
74
115
325
257
374
149
253
38
113
117
334
271
244
319
54
310
132
143
352
41
44
31
62
109
333
7
243
190
81
197
33
392
378
318
221
369
118
396
375
178
147
373
181
72
29
344
232
249
29
31
384
191
348
251
146
287
43
313
120
166
312
268
109
246
48
261
363
304
201
343
50
150
326
8
146
109
130
189
157
166
246
311
204
225
103
176
201
386
391
171
73
107
311
23
252
40
211
280
288
384
188
156
165
87
168
162
200
361
174
328
176
200
311
27
166
303
35
9
69
129
38
75
30
146
228
337
122
156
331
311
168
315
130
350
226
38
143
38
282
397
233
108
300
193
7
303
298
251
91
143
167
66
121
20
179
348
8
187
49
76
325
66
285
182
102
142
118
132
291
6
67
243
21
183
128
43
216
172
169
80
241
121
81
45
38
329
314
263
134
8
92
254
361
262
34
239
40
66
254
225
109
10
299
288
388
121
191
116
180
125
14
67
257
316
74
218
346
43
36
341
299
22
185
16
348
346
208
107
359
19
50
22
43
84
48
316
26
44
175
130
18
165
8
283
27
106
339
396
63
284
202
55
31
279
309
331
159
150
219
349
115
256
107
386
391
201
174
76
159
224
263
294
145
134
397
344
58
340
23
93
61
150
243
31
98
160
118
112
321
92
164
148
249
189
185
264
33
75
183
392
274
281
189
88
320
162
20
6
121
327
306
188
301
82
335
23
38
73
98
231
44
327
267
322
113
175
259
238
393
83
283
182
72
175
125
260
233
182
58
222
315
1
17
24
4
60
364
37
4
146
301
348
233
299
76
30
352
81
162
82
23
221
6
236
193
45
204
175
129
286
205
354
10
163
262
29
152
364
58
359
241
221
156
329
170
158
61
3
14
282
118
302
305
107
7
109
248
346
289
85
8
4
136
188
288
218
141
85
275
120
101
83
137
68
102
34
135
36
71
169
246
251
101
342
191
152
96
15
74
167
302
27
61
234
307
335
240
240
81
315
121
172
137
108
166
357
229
189
66
174
208
337
0
71
90
344
358
185
25
297
165
62
45
21
44
113
254
141
104
17
174
397
203
204
8
28
187
232
31
256
233
39
120
188
227
74
385
169
167
375
29
284
210
295
91
306
123
45
329
199
86
174
223
102
272
224
162
11
99
267
282
181
207
142
272
207
272
362
188
233
293
351
29
104
170
244
109
34
174
280
281
99
124
30
17
346
136
231
189
104
34
231
160
186
214
289
21
389
348
117
351
136
193
365
12
204
57
196
248
275
4
138
34
380
198
170
203
180
141
213
207
166
354
254
388
40
270
212
28
235
132
47
46
110
36
163
231
92
176
264
80
114
124
51
187
367
203
282
208
120
209
379
359
3
54
3
94
202
202
398
142
165
276
85
55
296
114
266
78
58
179
60
69
195
328
306
110
111
208
205
333
80
180
171
349
335
160
264
52
165
66
269
80
141
224
76
148
123
240
103
320
352
197
336
21
208
323
31
129
196
87
197
190
345
29
58
16
396
153
158
128
70
57
376
225
158
131
61
173
152
25
385
52
175
110
301
208
141
193
318
28
179
90
34
27
310
265
114
391
122
157
130
263
96
9
21
303
371
194
154
282
147
344
74
342
293
226
123
43
264
79
353
16
190
0
28
2
63
322
56
90
277
180
158
347
144
162
100
197
119
21
207
60
149
158
150
91
246
272
91
287
381
108
40
99
108
105
21
57
385
10
59
345
100
95
283
50
123
87
39
132
194
204
189
41
240
90
76
184
138
87
112
219
395
26
84
144
87
23
13
67
189
384
309
68
48
33
353
59
281
192
393
68
122
335
70
53
197
291
320
249
52
186
174
308
165
25
92
392
309
189
29
112
307
315
380
113
285
10
160
137
307
297
34
164
67
199
199
385
127
103
70
27
16
241
120
395
227
203
257
312
186
8
11
290
47
75
207
157
18
111
330
187
51
58
171
189
16
76
295
254
314
22
0
83
237
195
219
322
17
254
267
117
189
259
88
200
38
179
153
175
311
373
138
221
199
127
13
224
49
91
191
143
48
115
73
229
162
63
322
269
124
394
210
200
206
57
294
376
4
251
357
172
395
16
148
325
310
58
321
117
291
101
121
100
63
128
44
159
97
69
264
22
224
153
22
166
169
81
11
115
363
302
291
333
68
348
333
186
316
291
56
93
259
383
273
126
69
281
205
311
132
27
18
8
199
155
36
255
82
371
122
263
329
105
150
311
390
118
397
64
361
175
19
18
37
158
2
4
130
136
0
41
352
171
201
342
357
141
107
174
365
243
137
156
85
295
329
104
94
33
40
179
21
170
16
87
186
350
162
166
233
134
186
188
167
41
364
108
363
260
114
189
93
163
87
68
2
350
143
161
154
398
115
321
346
67
138
203
35
154
96
45
153
131
227
159
15
211
339
175
199
340
40
295
232
374
176
42
42
353
343
136
164
12
17
248
86
263
289
381
389
393
358
55
122
116
287
77
14
22
32
93
131
190
132
200
288
123
59
189
81
124
129
113
57
398
1
341
321
9
73
393
121
362
186
64
243
191
35
199
330
312
120
337
36
93
355
57
198
230
301
44
228
338
11
388
53
89
58
162
111
98
270
179
89
367
134
236
379
7
184
144
242
27
146
330
232
296
132
304
380
349
329
288
128
18
88
161
219
174
295
192
57
25
120
139
159
197
18
81
253
222
57
45
138
375
336
193
290
43
154
323
359
377
105
238
124
122
385
109
338
322
47
145
156
83
182
115
96
114
333
184
316
58
23
387
79
3
137
233
108
4
167
142
395
399
69
155
115
286
103
150
210
112
190
25
58
229
323
2
182
45
333
171
150
72
137
370
204
86
135
334
169
356
242
352
383
384
354
366
82
169
303
59
202
33
139
255
173
13
279
66
195
121
137
332
272
253
147
265
23
336
31
232
167
16
148
58
300
9
14
209
137
273
200
74
178
38
344
353
281
309
376
262
68
79
369
134
11
292
236
391
94
155
112
346
247
366
347
388
257
101
169
301
216
214
226
58
370
277
68
163
354
26
383
322
140
367
349
396
365
69
364
385
394
345
141
251
170
215
144
185
282
187
305
368
32
256
245
178
372
101
118
6
222
7
146
140
165
192
115
45
263
340
80
89
158
46
26
149
216
158
118
382
128
30
102
149
307
263
54
13
96
277
48
223
224
284
131
337
20
338
361
103
121
113
378
329
347
204
255
11
69
331
122
295
203
215
314
259
209
398
328
132
386
18
122
10
394
120
35
72
135
112
72
172
10
17
11
97
84
22
365
50
299
35
145
57
218
205
277
137
321
9
96
374
150
377
30
66
226
60
267
260
223
247
373
114
257
125
16
325
216
188
68
307
8
205
229
352
273
159
391
395
37
9
18
241
191
37
22
12
232
324
258
257
373
144
5
184
198
289
69
221
375
290
149
145
81
35
164
298
74
109
143
204
281
293
273
348
74
289
287
229
37
32
341
33
46
208
387
344
261
189
147
186
338
133
267
245
41
398
79
166
333
330
100
52
145
185
93
223
226
201
118
152
353
19
248
297
249
299
233
149
154
379
87
0
83
236
78
213
10
151
216
81
0
64
22
91
132
393
227
140
221
138
339
345
109
18
296
172
29
179
94
319
182
16
43
330
300
192
170
85
93
150
79
272
180
70
52
49
62
311
106
366
332
134
345
25
86
375
187
125
377
194
351
191
251
343
59
307
266
341
131
69
37
136
36
34
109
91
190
95
191
134
124
261
116
24
102
44
184
315
345
27
82
233
137
50
322
398
282
329
242
29
80
130
135
16
314
87
119
317
229
190
345
114
367
115
96
31
35
380
394
120
235
252
32
391
21
330
338
143
63
328
162
345
247
21
132
325
303
319
351
226
255
353
168
373
218
165
190
3
346
336
377
332
218
154
398
95
308
165
86
36
190
103
176
257
105
127
157
398
140
283
63
385
265
307
227
14
110
119
195
156
84
356
32
288
288
329
122
34
296
7
69
273
22
110
267
1
255
135
338
267
174
174
248
15
95
115
166
44
355
277
223
102
132
264
331
24
55
292
85
178
16
106
388
130
242
216
220
128
271
22
270
174
28
126
363
56
248
236
163
161
85
74
386
370
339
27
44
81
203
81
361
293
140
113
174
348
357
17
253
99
125
386
136
24
339
77
174
354
196
304
194
33
233
254
149
194
227
177
335
315
156
222
83
332
123
26
182
101
91
126
126
111
72
344
31
161
231
48
23
95
296
61
287
384
112
38
21
77
227
170
142
110
379
192
201
194
216
87
240
104
160
35
387
156
279
46
60
355
303
295
233
349
121
171
102
49
107
132
104
73
150
88
77
144
172
236
399
383
218
174
154
339
2
197
105
373
6
294
61
153
50
289
323
187
158
351
175
31
66
310
185
192
297
399
25
194
263
300
305
358
18
97
265
103
87
103
132
57
279
57
68
298
273
139
319
1
104
371
48
216
30
325
87
41
46
219
57
13
136
106
106
165
380
3
327
110
100
222
180
311
187
7
174
6
0
176
28
93
136
163
316
169
132
220
155
260
153
157
139
384
377
230
273
205
301
115
156
171
387
291
170
197
100
60
389
145
132
210
46
243
150
398
120
316
15
135
386
311
206
373
101
77
164
99
348
175
162
157
103
390
62
185
134
281
50
138
373
211
353
396
219
287
0
13
111
73
285
144
87
42
300
104
260
355
261
140
297
319
353
103
280
226
373
172
177
256
276
297
296
268
277
15
249
180
59
287
218
386
96
163
321
369
217
136
392
238
290
176
149
17
107
14
172
120
233
46
60
37
129
316
22
239
15
76
103
213
356
225
1
356
294
306
35
214
47
67
121
391
382
172
97
276
7
38
322
25
24
148
25
254
242
110
46
107
297
116
382
47
133
239
11
36
163
305
92
308
205
80
194
391
9
18
394
381
300
7
148
158
193
373
144
58
113
368
375
365
124
13
118
104
43
270
0
107
205
71
201
207
394
196
124
92
381
180
1
37
96
122
332
277
95
305
94
19
258
11
177
325
362
95
51
336
189
263
213
266
3
303
63
64
375
197
195
355
81
363
11
112
219
47
151
217
135
18
282
223
253
149
360
50
173
257
80
253
219
11
85
143
151
11
165
103
265
93
180
147
27
210
259
31
245
53
381
167
97
34
394
156
14
38
101
104
76
59
229
246
120
10
67
46
237
222
38
279
39
186
60
82
30
189
248
29
247
151
185
321
19
178
292
333
368
30
341
84
276
161
21
330
40
352
113
153
378
66
224
165
365
3
147
1
310
211
229
71
259
244
353
391
108
255
342
77
195
242
288
394
308
70
30
55
36
78
398
240
168
306
253
371
181
328
147
305
84
279
161
165
164
65
325
31
110
300
222
25
179
61
316
226
174
85
183
78
328
165
0
164
379
348
47
271
221
2
53
143
228
142
304
360
274
46
23
2
52
123
41
363
334
365
203
29
396
152
193
12
108
362
300
367
337
363
36
157
239
198
82
263
310
61
282
194
77
338
180
4
366
28
153
43
78
379
360
137
221
302
204
331
284
343
243
352
66
312
57
0
372
2
52
375
317
247
304
183
374
148
373
163
329
317
11
64
306
383
174
205
105
16
38
280
332
133
380
20
354
82
138
379
195
176
57
120
6
381
102
5
124
267
184
262
195
74
203
197
85
202
260
216
347
394
39
251
369
164
166
340
160
192
21
32
71
361
271
372
10
376
361
19
384
323
127
157
63
50
333
102
4
61
267
365
390
327
354
338
352
80
258
115
122
261
161
222
116
376
61
138
239
223
42
265
179
376
394
155
22
80
11
129
100
358
387
194
179
40
285
314
118
107
377
39
71
74
215
120
31
332
141
324
173
323
380
171
103
29
208
195
342
166
262
9
184
224
328
164
345
102
94
234
27
199
361
308
334
59
91
206
235
317
10
150
84
349
164
108
3
5
66
274
124
16
96
97
218
37
88
225
213
154
113
85
143
67
283
153
137
84
217
52
243
252
53
345
255
228
2
284
128
51
269
124
149
24
17
346
351
127
223
143
106
355
309
106
23
169
189
26
21
98
106
207
194
92
144
94
106
47
291
75
165
74
126
236
377
181
218
181
29
93
166
289
154
169
151
42
64
241
121
24
150
365
60
325
397
77
166
250
375
371
19
142
90
227
133
0
23
394
47
170
159
346
102
74
271
9
366
10
25
45
228
282
199
11
49
395
214
144
9
50
150
393
187
283
4
154
78
218
87
98
370
242
315
91
137
192
379
345
103
98
250
198
122
57
47
169
109
238
97
293
324
35
181
36
291
129
327
232
161
24
74
197
267
331
202
24
190
50
164
395
292
13
136
244
345
194
167
191
158
282
209
33
308
377
214
153
287
103
194
44
91
338
331
290
31
65
129
281
270
60
163
114
195
56
194
370
179
164
160
185
302
87
393
75
12
393
323
105
116
115
122
90
394
107
118
9
180
399
192
48
307
112
226
116
128
6
359
165
32
172
189
122
3
106
316
70
141
238
184
223
123
357
194
27
86
192
253
306
178
125
396
12
103
99
163
375
38
205
181
135
83
220
25
276
261
185
228
387
344
259
323
196
307
179
233
152
285
156
58
331
370
231
92
233
85
70
107
270
278
80
102
338
337
108
282
391
161
120
24
27
79
385
312
25
392
112
211
216
388
116
211
2
80
260
365
183
354
6
147
14
257
130
148
74
149
12
162
346
123
10
257
246
142
56
201
149
95
93
289
201
322
24
278
100
68
248
375
156
200
243
209
30
340
251
245
201
134
45
77
370
1
50
169
223
0
20
288
94
249
356
174
25
168
193
137
26
16
192
313
322
174
138
25
34
174
334
14
388
347
34
369
282
217
75
62
121
72
41
359
155
8
43
107
37
285
49
367
43
137
290
203
5
192
247
172
151
194
238
29
195
399
250
277
164
47
376
68
373
387
340
120
26
48
258
167
182
68
332
144
261
262
136
150
0
33
52
207
74
88
49
121
33
85
35
390
10
263
54
206
53
254
288
159
110
207
188
167
219
352
50
122
235
144
335
253
357
384
131
105
164
147
232
50
69
151
5
279
365
178
224
157
357
105
368
264
57
350
313
94
96
253
267
393
248
259
13
169
32
156
244
50
334
316
337
85
87
303
114
348
120
242
65
214
57
56
226
35
4
35
321
236
296
38
105
122
194
144
134
65
54
16
104
293
171
220
223
111
54
72
345
46
19
174
235
335
99
122
13
71
14
136
334
306
218
168
68
106
184
72
385
19
45
369
252
40
54
252
161
365
3
154
86
117
92
29
92
23
267
77
134
130
294
19
183
221
364
56
106
78
54
285
316
177
319
285
365
246
88
30
136
234
342
218
58
19
100
68
9
182
215
325
126
11
129
147
248
82
338
27
131
52
21
125
68
317
228
392
101
220
129
111
106
88
215
93
337
188
228
81
310
370
112
228
74
155
130
179
197
146
117
185
102
206
23
337
54
136
1
20
166
3
139
382
35
47
285
66
127
117
265
292
19
70
133
64
43
14
292
92
128
145
73
122
190
329
353
2
276
12
238
24
251
39
92
135
375
17
34
355
326
334
104
279
44
315
268
5
9
8
50
43
226
360
221
239
273
115
130
23
322
135
194
176
327
182
123
42
108
359
361
340
76
57
198
52
231
344
125
179
398
383
332
121
119
26
97
241
26
130
295
376
206
108
154
113
338
248
0
165
53
143
173
24
306
354
56
325
144
192
58
217
374
264
189
392
104
121
159
269
373
383
366
125
31
252
299
191
327
343
251
394
316
21
87
185
243
379
245
358
161
37
166
157
42
297
67
361
320
59
186
132
130
313
283
103
223
236
107
73
142
329
286
98
314
74
89
76
208
7
120
103
87
186
281
398
251
219
50
189
339
168
120
308
29
336
113
224
13
78
237
125
14
39
153
307
207
16
138
127
59
21
31
136
7
102
232
71
180
374
78
53
200
106
323
43
16
4
201
58
274
354
258
331
104
112
73
159
24
166
17
185
37
51
79
233
53
82
43
63
180
388
172
210
2
12
293
289
89
393
365
141
98
61
36
294
41
354
14
253
241
6
199
163
78
320
369
387
311
313
155
83
176
149
75
147
305
341
81
326
13
14
136
374
308
12
182
114
208
152
349
157
22
173
366
167
232
176
1
60
101
260
172
241
273
76
266
59
264
201
374
93
199
97
352
201
371
317
111
398
172
111
204
327
5
144
10
73
235
154
58
115
377
232
8
0
225
108
142
155
320
105
264
74
98
65
204
177
96
149
224
347
50
380
187
134
171
24
26
254
137
110
338
336
251
132
297
379
59
342
321
97
180
163
19
366
158
88
25
149
395
127
69
65
278
33
125
232
391
161
367
242
9
285
133
103
118
398
148
73
131
368
49
179
172
7
58
248
54
7
58
46
58
156
7
94
341
309
151
325
245
265
354
337
315
184
13
6
126
317
171
311
289
47
61
77
204
50
274
27
249
110
12
162
70
43
366
360
133
16
341
264
73
39
220
367
77
20
208
351
150
181
98
127
393
196
186
166
63
302
86
140
316
395
371
82
181
358
71
15
16
251
242
64
61
207
364
390
345
211
43
36
119
301
66
395
280
124
342
189
240
77
90
137
29
184
101
131
368
348
369
52
342
328
40
189
69
363
181
329
112
74
312
327
151
392
322
294
116
123
122
236
111
379
152
341
266
97
115
273
312
293
311
188
137
302
240
277
266
306
78
210
147
139
225
167
37
393
105
26
355
229
16
317
344
25
127
284
359
206
213
350
70
23
331
303
42
143
224
333
64
22
95
274
41
119
5
75
213
45
338
99
140
111
287
134
22
196
165
208
63
41
134
257
64
348
40
345
316
114
363
68
281
220
166
13
178
187
114
71
138
228
267
353
101
286
12
257
151
226
145
307
169
207
66
72
50
109
308
84
34
291
140
277
118
15
186
43
246
225
93
244
198
361
312
52
36
122
45
265
209
324
320
300
126
95
128
329
4
247
84
87
58
324
265
121
293
370
336
231
163
107
2
320
255
381
366
308
181
36
51
44
127
222
7
65
250
377
105
152
257
310
172
343
182
246
254
77
258
273
309
1
338
191
100
7
394
37
399
87
281
299
47
137
173
34
0
213
74
199
67
262
312
101
336
108
78
204
23
52
187
127
62
45
381
166
233
199
166
149
325
42
395
195
185
117
324
394
253
127
6
104
280
197
327
398
304
267
23
132
348
133
193
344
217
127
232
163
169
280
15
105
43
19
373
245
169
4
279
158
115
57
175
56
118
19
107
299
134
60
63
8
160
334
130
152
281
100
59
321
141
63
29
170
368
136
181
344
1
265
22
105
147
346
152
15
180
375
119
342
87
17
322
283
114
60
268
180
164
231
134
297
159
214
236
126
103
181
41
107
151
382
142
371
367
120
30
153
88
275
63
44
218
6
299
123
314
259
161
186
357
22
109
251
105
137
368
129
57
38
334
282
247
6
143
129
350
268
188
76
351
373
14
76
185
196
238
257
313
69
99
292
151
264
72
192
233
144
17
102
120
138
233
49
233
172
147
38
34
151
212
104
52
384
234
41
41
80
62
57
317
334
210
27
92
50
384
87
351
18
129
74
232
174
350
82
35
209
390
30
85
359
89
92
152
335
90
117
171
110
31
93
62
243
159
371
278
115
21
63
197
204
37
325
51
208
38
11
153
86
353
270
132
232
129
185
198
216
171
53
143
105
353
98
49
310
381
226
84
228
112
108
253
150
173
241
63
347
216
365
182
109
196
14
327
327
369
211
303
76
249
56
353
356
222
33
105
374
164
179
18
135
328
283
43
120
145
42
38
393
318
53
51
54
198
165
150
121
111
30
182
40
41
320
34
48
209
246
16
17
72
83
369
98
217
318
16
272
65
53
115
205
364
199
107
189
396
350
326
291
301
40
328
20
298
338
50
3
88
284
364
245
327
318
396
378
367
166
123
134
39
114
93
197
301
55
325
194
53
179
28
349
128
5
390
310
336
114
368
4
382
224
308
109
64
152
130
195
113
54
1
184
214
224
158
380
186
358
209
52
226
203
332
84
399
187
273
94
59
223
237
117
19
344
58
198
18
255
85
20
237
313
314
8
314
47
192
347
87
73
88
192
142
12
288
244
147
40
21
12
113
183
164
180
3
313
255
81
135
341
269
152
37
63
229
352
134
243
131
118
180
10
7
223
150
139
265
31
89
207
97
81
317
332
230
371
66
144
144
278
87
101
238
27
180
128
374
72
157
68
322
318
64
133
226
27
227
117
26
313
188
66
271
318
151
26
211
93
231
97
92
339
21
62
34
139
162
274
65
110
340
72
87
352
176
180
198
70
72
43
20
243
347
164
177
265
338
304
230
285
156
389
73
150
39
88
237
164
125
342
78
111
257
246
182
391
141
8
214
362
132
14
302
115
105
127
126
139
245
151
232
358
140
258
319
4
260
8
66
267
2
67
127
119
325
155
17
268
289
10
215
82
85
293
164
157
114
359
275
147
22
172
322
383
233
158
90
370
33
151
354
255
73
3
267
349
45
143
79
315
131
282
120
159
76
96
266
359
272
133
265
272
48
166
168
120
200
258
372
197
124
346
135
341
348
126
49
303
171
339
105
198
197
312
208
91
208
340
232
84
100
351
316
132
259
48
191
121
231
245
147
354
386
303
303
327
66
37
139
397
385
145
245
29
380
392
271
175
299
109
38
393
289
353
141
161
137
88
11
86
106
132
158
112
20
133
142
214
70
152
365
193
116
274
27
361
178
131
307
63
34
123
130
108
42
154
94
144
275
309
65
121
10
76
161
295
271
111
14
57
17
82
11
300
114
363
295
278
350
1
271
150
64
331
83
148
77
111
51
198
255
169
71
124
281
245
229
86
42
49
251
9
258
6
210
219
224
115
305
33
127
227
82
232
145
170
216
32
54
189
52
81
14
182
335
305
39
15
108
165
396
362
173
137
194
279
105
111
12
49
324
66
141
392
104
213
180
24
312
101
11
109
260
184
151
306
189
55
192
216
72
160
155
6
76
338
20
212
314
320
378
53
364
265
197
32
31
191
146
212
108
258
373
246
307
122
333
330
28
106
39
257
18
145
96
139
271
118
149
6
353
188
358
20
233
161
43
53
2
296
356
67
203
240
6
145
382
62
13
54
16
371
17
116
105
88
135
90
87
229
27
243
333
376
373
101
64
59
97
19
31
145
27
303
200
63
292
352
40
6
1
4
54
159
146
60
119
169
5
66
42
146
367
108
294
150
156
210
207
252
321
8
49
191
61
190
146
58
238
104
43
216
279
242
195
315
281
157
110
208
64
108
249
92
167
282
326
7
212
332
142
184
168
170
365
189
2
162
15
234
139
107
144
248
267
215
78
301
209
288
155
377
222
141
243
70
163
188
138
15
110
53
245
352
254
271
142
297
262
314
375
137
237
306
367
120
329
173
232
18
131
256
285
103
78
378
125
235
137
98
29
81
232
159
176
323
279
108
377
129
336
25
262
104
285
115
132
44
208
255
65
196
301
265
69
247
136
100
310
88
304
39
220
134
255
274
228
157
112
45
375
238
122
211
53
8
237
247
35
119
3
214
377
24
293
20
126
199
352
62
18
0
83
270
293
371
142
337
342
122
337
7
80
134
126
238
52
75
360
295
0
131
111
381
349
24
169
83
78
79
149
64
313
320
74
71
392
388
369
368
130
110
321
131
127
268
68
393
175
47
143
251
75
27
385
42
126
154
7
19
133
90
231
22
314
28
206
203
72
37
342
32
309
10
25
391
292
73
139
37
16
330
83
50
87
159
399
175
68
357
341
21
142
181
181
224
100
161
158
43
210
187
144
6
97
344
275
322
356
271
49
39
217
353
101
36
354
76
317
227
277
371
173
162
149
328
5
257
216
89
338
185
292
37
241
356
351
37
93
149
396
101
70
112
310
283
93
34
286
63
34
62
133
4
339
88
128
365
197
199
136
186
358
326
29
161
225
377
96
106
141
224
190
49
85
230
332
190
256
322
166
35
152
18
106
163
360
350
342
113
314
389
357
194
316
210
103
43
272
41
332
254
122
362
128
156
113
273
363
308
222
320
22
139
24
114
184
92
128
71
74
133
293
73
97
51
268
298
127
105
262
119
26
30
273
224
159
240
384
104
286
139
140
41
216
59
351
351
324
22
125
204
269
54
378
335
43
309
93
153
255
81
180
385
388
