1150
1856
1593
658
909
1160
70
1238
788
100
1545
3990
1144
891
3218
3033
3394
3
1719
1146
2790
3738
1549
3857
2152
541
1110
163
2243
3040
360
1832
1591
2411
1429
539
1016
2909
672
1662
103
1249
647
298
297
1494
74
2197
1563
2221
2646
2059
828
1228
994
1666
1245
1916
277
3753
238
351
3428
392
1333
1066
2864
3056
523
3783
3468
1849
1693
2322
1221
3752
753
3462
2412
848
2754
1652
2185
3650
3166
1387
2129
1167
3798
1233
3032
1889
312
3530
198
1312
3696
989
2453
1063
3903
3410
202
1761
1278
507
26
2948
3083
2817
1459
1774
2516
3901
2652
2945
3514
453
2170
1724
2819
1255
2818
3865
2587
3466
1547
1263
1910
622
2985
3743
141
1947
3805
1677
932
1525
818
1012
3662
975
302
1842
10
1715
2072
720
3984
928
2755
1203
1749
1751
2751
1274
1099
3975
2580
1966
3951
1642
3577
2571
2557
3634
2225
3563
2467
877
192
3030
2966
2136
276
2161
3086
723
1891
3594
535
1846
2684
252
1261
972
1283
172
2599
1344
767
3043
326
539
819
589
3710
1087
2129
1023
3668
1753
2039
1775
1909
222
1461
129
1964
1841
132
1064
330
530
2680
992
3333
3804
3520
3563
1773
2690
2090
713
2790
1384
3388
2212
380
95
2565
504
366
266
587
1413
817
536
256
3046
3322
799
3483
3089
1370
3453
1544
3965
3539
2359
3865
628
158
1684
2733
2883
1125
2077
3398
2693
1873
80
174
3416
2603
135
610
175
1214
2668
3564
628
2380
1979
1112
1284
2317
2069
974
3155
78
1722
3605
1095
138
2272
433
1004
2862
2545
1099
2360
1034
1762
675
873
1505
805
3139
3664
2910
1559
1342
3372
2535
1098
1778
3830
3154
1933
2093
134
1926
1811
84
3869
1006
271
3740
3055
3241
2395
1744
2243
80
3485
3758
3207
2925
3584
3722
3757
1889
12
827
367
3222
1869
949
1569
2982
2410
224
926
1187
1150
3261
62
3422
1059
3874
1921
22
3909
2451
2971
2958
2423
1156
3420
93
2806
736
3629
1962
147
2459
2291
1397
1765
1159
1661
3259
670
1599
2841
2206
773
3011
2449
265
284
1313
1582
2161
3854
209
2642
1930
580
3891
3160
1195
455
1553
1281
159
1980
3065
41
869
1712
1946
365
602
3569
3536
3013
3722
3173
78
1268
96
3897
2794
2116
2472
1744
2295
665
1528
2520
2011
3902
1471
2350
599
553
315
2470
2795
481
3351
3686
1182
1664
2011
2956
3021
1647
1952
3265
1051
2966
2369
3394
738
1243
1858
3931
424
1804
458
163
2267
2159
1191
1914
3212
3679
3735
137
3491
1827
3050
462
3374
356
1043
1840
3371
138
2864
2030
3335
161
854
736
732
3282
989
812
1762
2924
1973
3496
3777
670
730
1175
2778
2919
341
854
2625
1861
56
1587
909
625
3634
179
371
1032
1076
55
1273
1112
2621
423
1833
596
672
3024
2777
2707
3808
406
1968
430
2652
3951
1399
711
1840
2242
3795
2967
1999
2033
2108
1146
1991
1935
536
1702
124
1893
2786
1092
685
1324
381
1778
1675
1145
180
3524
724
1206
1410
2398
1945
1457
1231
2667
3435
1361
1247
1240
136
3550
1446
2520
2127
2381
2808
1217
166
1250
3589
256
498
320
2700
193
1269
1879
2569
2566
743
1074
54
455
894
2426
634
3264
2123
3410
265
2040
3323
3190
14
3989
690
1973
2933
1732
1166
1966
727
1584
617
3993
2967
1955
1312
1628
1157
3864
280
1770
3117
3874
1047
1047
3902
1066
997
836
3377
3312
268
3127
77
1139
1839
812
2936
3766
2611
152
1686
3216
57
1452
673
50
1085
2490
808
413
3192
1618
739
1966
804
249
3329
2082
2806
252
1732
1507
1772
166
1662
1807
3272
84
2760
3043
650
956
2986
1968
1349
1019
564
871
1896
3291
2176
3514
1437
2135
1787
1507
73
2437
581
2253
1954
1284
581
2655
530
1871
3003
1083
3565
2238
686
3414
362
2382
1404
514
323
730
3053
528
1736
3911
1150
2374
2168
1208
253
2843
3802
3771
3273
1184
2451
34
877
120
1467
836
1101
491
1826
508
1558
2430
2964
2650
3508
1092
919
1312
2058
665
3083
1432
846
3149
3162
1861
1066
840
1236
3281
1507
402
2738
3216
3465
2840
2512
2541
3466
1273
3197
661
719
1010
255
2254
1306
1777
3677
3456
3152
1356
1296
3757
1532
856
3555
1078
677
595
372
2225
1488
922
716
3699
1418
271
541
3192
994
1912
1109
2230
445
3564
2021
1443
527
771
2252
3606
1515
3735
122
1420
3497
3563
1235
142
1406
645
1028
2459
3102
2242
1788
2465
619
525
1913
3390
89
981
70
2978
3504
1497
1607
67
3017
362
2610
3133
1843
1860
1031
1199
841
1771
979
2950
1061
1911
3336
3274
1866
468
2211
2396
147
3118
626
2263
468
60
3291
1104
2165
1478
1567
478
333
2624
1072
3391
1652
598
1780
2136
1885
3693
496
1964
1832
744
1268
3758
326
3619
2443
518
3144
2275
783
956
1202
1221
1726
1681
411
656
1370
1486
1110
673
162
777
962
2820
557
2826
2075
1876
1046
1088
3339
1735
2612
3711
2903
2772
1069
2203
2056
665
3080
3086
1620
3238
727
3817
1603
3134
441
1139
1479
3731
90
256
2219
753
705
16
481
2541
3128
1670
1589
2761
1008
3317
1825
2700
2563
2415
2872
1271
2363
1662
1044
1177
3087
3121
2798
2162
3011
1177
1233
398
1567
1962
2782
3005
3977
3513
2855
3855
1114
496
620
804
636
1548
1893
2046
3185
1733
781
981
151
3453
3149
803
2870
1169
3757
1020
31
2214
1521
1914
937
1971
1735
1666
1842
1259
2982
1592
297
1765
1573
1939
902
2024
2372
32
3867
2080
158
2674
3058
260
3601
255
1356
1733
1750
3245
3160
337
1329
2247
1325
145
3548
3111
1946
1450
3471
2917
3855
236
2966
2145
1404
2183
3283
1028
1742
3017
2887
1142
2464
2083
40
2104
198
3329
1415
16
128
3839
3484
560
3334
3651
2
2513
2232
943
1466
1102
3883
1046
1581
947
492
1978
663
2664
224
3504
1834
2360
1775
1721
554
1872
2462
926
2577
2260
2431
293
585
3652
319
1657
3821
3669
2917
1763
1547
1011
3715
83
1977
1839
1636
2249
1626
1472
1679
2488
2193
1717
1314
1684
2066
3325
2122
3059
1385
2000
1973
3948
1413
178
2120
3790
2535
2171
142
2449
1674
2251
3880
1666
2259
3254
286
2439
1108
547
774
3772
1114
1742
244
3398
2713
1937
2461
2694
3474
1457
722
232
528
3439
2109
3269
2422
2768
2717
1700
2240
792
701
1324
1060
1945
625
3355
921
2217
1307
1835
819
2308
1235
1499
796
1057
1304
3346
978
446
756
2104
855
1474
351
7
3899
729
2952
1506
656
1358
3634
1189
2993
291
657
1521
963
3093
781
186
3950
16
115
3180
3142
3342
335
808
3899
1461
165
1111
2242
435
3974
1405
539
458
1811
535
1125
2913
325
3849
3818
1862
1962
1094
3181
1457
501
735
2608
2454
2880
321
354
2675
1946
2514
2064
720
3097
2996
1711
845
3414
3062
1125
3977
765
3345
3739
3239
1713
1876
1055
1199
1455
2375
1159
510
604
523
664
2536
2532
2282
402
2532
671
1128
3163
850
3360
1882
1394
990
3703
2822
1381
3031
1265
1800
123
699
1548
141
723
33
2065
1639
3621
99
3348
2774
359
690
1607
3133
2539
764
1167
3126
1395
763
628
1264
1220
267
2818
2391
2873
3515
680
1271
1843
3522
1111
877
3646
277
661
1311
3174
1356
1478
970
3817
173
178
3774
667
3793
2539
3500
3541
1639
2963
2458
1954
2394
334
1725
3202
111
3026
1641
1959
3614
1688
1096
1071
3966
1027
2933
2081
3349
1315
1574
356
3376
2952
1407
2025
3602
3517
1951
163
10
995
849
2938
367
1444
2622
1715
2390
3378
1126
2817
2638
1836
726
1333
3002
2139
3767
3118
2971
3659
553
2796
1172
3917
2171
2817
3344
292
88
2420
2058
2649
2767
2457
535
2584
1164
1318
1242
416
142
2263
3284
2091
3987
1643
168
2774
1806
3116
1598
1282
1628
3356
916
3726
3233
1699
843
1663
2172
1368
1344
922
1986
1356
3095
2914
1277
412
3194
1323
251
250
448
2408
73
1669
151
1158
765
3581
991
2632
696
223
3548
1649
120
118
2964
3566
262
2603
107
3791
3965
2677
3169
722
2861
309
1793
3536
2287
3621
2858
837
2239
2056
820
210
1951
725
2992
2927
3987
1924
3673
533
3018
180
546
69
918
1076
1552
2855
2161
2941
2986
1549
1063
957
2479
1425
3809
66
94
3366
3022
7
2008
2662
3630
2590
391
274
2918
2116
1953
1187
3080
3424
1327
426
2385
3828
504
1
1762
3854
767
3017
1610
2714
1756
280
1154
1571
2242
2971
1853
1947
2445
410
1870
566
3375
1993
868
3045
3932
214
2277
2764
127
1821
36
2104
1776
2092
70
124
491
743
3919
92
3352
1112
2697
1311
2512
894
850
2387
2494
636
1387
1747
3869
2468
216
1671
199
2386
1783
3348
650
500
845
22
216
2060
660
1079
2388
1155
1436
1404
247
1006
2794
1311
252
309
3278
87
1962
895
3440
896
3637
3099
1090
1246
1482
413
2485
3663
2173
209
1374
2575
1872
854
287
3712
3181
772
1339
3236
2527
853
2358
567
712
448
490
818
1508
3612
246
2985
2357
1840
3183
1022
726
1000
2159
3337
1005
780
302
1132
1697
68
959
1188
1723
1645
3229
3128
3008
1263
3799
3783
2543
3476
3893
1201
1609
2114
577
3025
1937
1716
2145
478
3278
1948
207
3407
1083
171
3156
1003
3643
1425
451
3393
3012
674
1675
1427
258
2058
2793
1625
1888
1513
226
3947
3858
1435
754
3331
1865
1931
3668
2898
3340
1861
3591
3670
3497
2731
983
683
1859
1960
1897
985
3577
2804
2250
1182
217
1363
2334
2416
2153
50
1307
2364
1685
58
3908
3407
3605
3035
1749
1076
1821
2057
2958
1185
247
340
2251
1658
1705
1074
1220
1100
2657
1144
441
2372
825
2934
1392
1744
1681
1935
83
3108
180
3110
858
3680
918
886
1290
593
2158
2921
680
2964
2773
1240
1370
948
127
259
303
1803
1784
843
386
2526
2718
3073
3525
3159
2242
1858
3579
2960
864
890
3005
1391
1449
1529
1484
2619
1433
3699
741
1272
321
1663
2569
1328
483
280
130
1877
2226
2324
2362
789
2134
3304
3879
2171
279
2468
1304
2641
3211
957
2947
3190
2302
1654
2812
2308
404
370
1435
218
33
3334
2026
1197
3451
87
1917
2400
1750
1668
62
319
1908
937
191
547
1860
531
2453
3783
227
3924
1029
3385
2557
3961
1585
2009
2830
1673
2286
1960
3497
1505
797
1822
2541
1221
1652
1891
735
736
3488
144
2806
3059
1972
914
631
382
957
3169
2340
365
1414
1981
142
3959
2165
265
2209
1313
443
1471
7
125
3544
1121
3727
3515
584
3138
2304
3323
1105
3334
3199
3639
766
1445
3895
2839
911
1686
2596
1523
1599
1189
893
971
2859
2356
1255
1641
635
645
2375
1994
288
1089
228
25
3161
3834
2933
333
2948
1098
167
3033
722
759
1543
1894
2445
1983
1957
1077
409
2430
29
3847
3193
2560
424
2965
3353
1313
307
1877
961
1695
3760
242
954
3624
2044
2398
452
2906
458
3251
1371
3120
3543
2062
1598
570
697
2433
1035
3387
695
1437
2064
1066
207
1186
1036
230
1041
1294
243
2515
2816
1327
372
3832
1465
120
3558
3026
2499
1109
576
3490
1326
3052
3762
2458
2066
2025
3671
264
1563
1793
1188
3968
2375
426
227
3472
652
733
1558
1655
2036
1166
2725
3120
3414
2587
3676
413
801
775
1345
245
54
1804
2721
825
1788
2562
424
95
1465
1291
1537
3146
1932
141
3809
2771
1856
715
2650
1254
878
2551
2973
379
223
3449
3339
1483
1222
1128
972
3724
175
2542
3525
3111
1283
2642
465
1838
3220
1126
678
511
761
2451
574
272
2930
1323
1405
3116
2153
3514
1731
3556
2444
719
3869
2624
2915
1458
1044
791
547
1931
3420
959
1370
1010
1520
642
3880
595
2645
1176
1115
3608
1872
1705
3888
2753
663
3873
213
1322
228
165
2263
3184
3923
688
1127
275
1705
1493
974
1339
2418
1695
263
3713
317
1760
3205
1312
1384
226
25
3832
1974
81
642
2064
264
3716
3197
651
1532
555
3611
792
3405
696
2298
1769
3351
1113
273
1230
724
3237
695
397
53
1471
1417
23
3804
2715
1911
3211
3036
1221
2012
2045
2097
620
565
788
256
3031
2818
3298
1266
3461
1485
2817
674
1682
1126
1252
687
647
737
2456
2127
3880
3534
527
1012
2682
2153
1638
1546
2070
2981
2902
1530
1744
272
1378
24
1354
2184
3273
1281
462
777
2843
362
858
1666
1417
884
3014
589
151
1185
3548
3445
450
506
1475
3817
2937
270
3663
765
738
341
2331
129
3962
1110
14
2679
32
2624
3087
155
929
142
1065
1265
532
3057
2595
2483
2659
234
2490
1784
1325
2498
2893
2321
2228
1506
207
1461
1573
780
3784
3206
1536
2799
854
928
843
3772
3500
3326
32
2236
3248
1362
3377
841
557
1401
1640
1624
2578
507
1147
1671
167
2895
1633
2755
1121
1614
853
2480
317
513
1732
1052
111
992
3078
1114
2964
2975
1227
1405
1151
433
3856
2347
131
580
746
1043
3284
2631
1907
3968
1560
2814
1425
1949
2108
1629
3767
2998
3633
1242
2198
3336
1752
3784
1839
3572
4
1081
167
448
288
2
1667
878
3996
3711
1395
1968
3920
499
527
1021
58
3162
726
2955
3901
102
3392
3950
3564
164
1606
8
1582
1332
1890
3191
1184
3587
2369
1243
783
2875
3383
2225
2191
1603
1163
1637
2618
2631
1232
1716
2763
138
1246
1230
1389
526
3132
183
3673
2313
3628
3246
2446
1668
1669
1002
1028
3547
511
3451
3335
2234
241
2877
3234
925
1702
1758
115
3624
3059
347
2561
3651
1336
2823
1413
962
1963
119
2944
1347
2477
629
3809
274
1290
1638
720
1987
1840
848
905
3063
1316
3409
2432
387
1264
212
483
1095
1984
3364
2660
36
342
48
622
3962
3461
684
3755
2145
872
3000
1115
673
1088
3031
900
2291
1727
2072
2837
592
192
1198
3545
3167
1480
1037
2325
597
3444
264
1704
2418
663
934
2303
225
189
1450
252
2138
3204
36
1673
2776
2751
3129
3981
1722
1062
3044
1036
1571
359
1949
1339
1602
1710
1727
2126
671
485
2042
428
736
3143
275
183
3393
3206
353
2258
3341
1182
3999
396
3175
7
1881
540
1313
1814
3253
3223
2466
3927
686
3269
2430
77
2249
3603
188
2548
2422
3552
2978
2197
1822
2663
1570
820
1910
1382
2596
2125
2359
2874
1127
353
2092
3102
2286
1904
3446
881
1503
2923
1425
250
3192
3182
3543
249
161
1105
1346
2915
2055
3056
1426
507
2963
1522
1867
912
3802
81
326
1331
161
1718
1269
3672
50
2354
107
13
3997
2948
315
1665
2988
1087
2007
1162
3195
30
1592
2792
3431
2065
786
3855
1829
2336
3259
146
1383
2555
800
436
2809
1104
1914
125
1027
2872
2116
574
1684
2016
2219
3180
1077
368
2797
863
1154
2759
1137
3073
136
3572
3495
206
811
3246
3446
2259
2846
1193
1069
2562
549
1710
1615
3924
1350
1439
3912
336
3903
458
197
2030
675
639
1578
69
3029
1970
1355
252
1206
687
1068
2879
3162
1594
2747
476
472
1388
3695
396
394
559
3953
156
147
105
1229
3230
3025
2380
2368
3839
2121
2961
2266
1653
3550
1727
3947
2879
2245
3659
1940
1661
2901
405
641
913
140
500
1312
2816
1243
231
1242
3913
3380
41
46
1765
1059
1722
264
1374
1934
361
2352
2451
1717
1255
561
2632
798
3937
2343
1955
1091
2226
1046
438
789
1176
2965
510
1736
648
3358
2042
2374
2974
2844
2008
2109
3347
3863
1855
2325
1283
406
1891
587
952
135
485
426
3036
2118
461
1284
2305
3331
2238
3582
1050
2040
1132
713
566
1519
759
3968
1345
3511
822
2272
1062
3380
1404
1635
386
531
2821
2658
1336
2760
3082
623
2261
3668
120
2702
824
2074
411
2237
603
180
3839
1330
2869
229
1279
983
130
2114
1455
1576
2225
1824
2284
1189
3407
722
2304
1610
906
562
395
2145
3428
2368
1000
2511
3823
1721
2435
2370
394
976
1207
2369
2689
920
834
68
739
551
3273
2467
3426
3245
1933
192
3552
3767
1667
349
490
2897
346
493
550
1276
2350
3036
2336
365
51
823
859
3627
714
1348
2251
3832
442
1140
1692
391
2420
499
1847
3300
1862
1974
1602
585
1253
645
3385
858
1764
946
351
2768
2999
1706
204
1407
1348
2316
3475
3066
2885
138
2723
640
51
44
473
3178
3263
2971
1673
643
2095
3962
667
2282
2818
449
109
288
3245
2676
263
3920
2165
2888
101
1259
2737
1463
1806
3680
1390
2356
2337
1856
2234
792
1366
2475
1148
3954
2447
1983
2497
1371
970
3266
1904
1863
2882
1204
3141
2452
289
215
1182
3945
1164
171
80
1537
1895
220
3474
3029
1220
2663
1692
1070
1324
1856
3290
243
255
1954
2925
1798
471
3522
2587
1964
442
3122
1563
2432
2025
1177
2251
2402
3137
1319
1696
3056
2536
3611
2911
2420
53
2207
2273
5
2353
3288
1266
191
1387
1288
2844
194
3553
356
421
2825
2016
1543
2066
1256
3240
3722
110
3186
1784
12
2759
563
1856
546
1370
1775
615
3240
3072
3226
3025
548
1681
3062
1071
2447
1776
1895
763
2736
1363
2015
2537
1806
3186
3664
2776
804
3342
3252
59
1987
1671
1625
234
3293
3956
1045
903
1178
5
2484
3101
3119
254
2494
190
2714
2064
582
3576
3657
3358
2970
1304
1140
3756
882
293
1751
3316
1085
846
217
2642
3226
851
3381
3704
1130
1473
814
1690
1794
918
3984
20
1004
3349
1066
3867
418
1494
1954
3919
340
637
516
3319
2269
1988
3324
124
115
1473
1168
1235
3886
3340
2493
11
1939
2371
3598
617
1335
3850
1672
1814
914
737
3809
2703
573
1220
3430
1162
1317
1243
1383
262
1592
2639
3984
219
3876
72
3953
1051
648
194
2338
492
1225
3432
3056
339
2007
2016
1568
1564
462
3242
3776
1051
1426
3753
2699
3198
222
36
214
1686
3423
3592
3406
1324
3701
2324
846
507
1474
3036
2853
1226
3393
1937
2181
778
3154
409
1491
3048
233
442
1770
1606
807
2231
881
3362
676
865
978
2259
3908
3090
214
1727
836
2722
3494
2176
3576
3839
1604
3371
276
1359
2799
1739
2612
2592
2068
1708
981
3714
65
2731
421
1532
839
3730
2672
2275
385
2879
2072
2545
1202
1544
396
3054
1152
1986
1077
2044
1364
209
583
2768
1780
460
171
1875
1046
765
3452
1565
2622
2206
2519
2178
3201
289
1604
467
1686
828
1834
3564
40
2585
746
2828
1978
1594
1921
1535
1956
142
1354
2014
103
2293
168
3072
835
3845
1411
354
1524
1845
3651
1835
2365
1294
9
1855
1445
1363
3338
1940
3770
518
1072
430
3843
3903
2594
541
2694
795
2345
431
1397
1928
3845
1636
2168
2656
1447
3778
1663
3247
2038
1086
3243
914
912
1184
3441
863
1018
311
1105
875
2837
3910
1887
2176
3056
886
838
129
474
3146
89
472
1835
1989
1582
2629
2937
648
1728
1186
3429
3556
730
1719
1286
1977
1891
2221
2844
1863
3461
3359
2959
1931
2547
1930
1428
2630
1341
1461
1567
3246
2245
92
1536
1271
135
1125
2837
1153
327
524
552
3161
710
3772
2196
1857
319
693
3144
1828
11
1062
2763
233
1494
2571
1575
3431
3407
2157
1767
359
3458
3706
3528
3061
3117
2184
360
3079
362
3107
843
446
1049
3265
1131
595
1937
3489
1520
1848
2904
3837
826
2368
3053
1757
168
1081
1782
3300
882
1624
187
1576
161
210
772
1051
2593
3709
472
3325
1112
2594
3834
2519
557
3760
3437
655
2531
3232
1837
1752
552
1284
3372
1754
967
2551
146
1993
3197
3829
2727
222
2707
3934
2785
3424
3407
2153
349
2868
2266
3597
1564
3356
2406
2364
3201
1804
1987
498
404
1906
1317
2448
2266
329
1922
875
2128
400
1915
875
2221
2944
1423
2367
1310
237
2224
569
1263
992
3362
60
997
3294
3447
2063
3757
1347
2955
638
8
202
3682
439
981
3882
2423
533
2668
2408
2559
199
1210
1281
756
2448
444
114
301
851
166
2047
2536
3682
2840
2767
1029
1661
2069
437
1539
1000
1995
2742
818
721
1546
503
667
1942
750
3958
999
2817
1051
3354
1746
1127
3269
3657
886
1983
2776
2415
894
455
755
2014
31
2231
3682
1662
3578
284
2154
783
3557
1746
1940
2438
2613
3088
277
1869
2108
654
3731
1261
3229
1767
415
1524
1008
2137
758
3891
3125
65
2790
1035
3581
1475
2457
3205
1109
1586
139
1897
3207
194
3352
3053
3728
3482
1339
68
3946
2142
2585
1671
3747
3077
2074
2565
3093
625
2332
1796
1055
11
191
3862
1764
2739
2281
1413
148
1242
2141
87
1609
1435
221
1292
1999
3353
753
1322
227
3452
3340
2159
809
762
1061
2231
8
1132
1182
3079
1846
1757
1191
3665
3145
3200
1650
1943
2428
2880
1156
3108
3752
956
996
594
2057
3665
1782
407
660
1457
1473
396
282
3311
3763
3855
2919
3149
3326
3003
765
851
49
1172
2041
1862
1048
434
2542
283
2048
2107
2677
2854
1861
404
1041
315
2047
142
2461
2733
3697
709
326
3370
3064
566
3368
3401
1007
3142
3267
2043
1787
378
3543
131
1730
2898
1568
3976
3247
2884
874
2071
1612
3967
881
2352
371
2092
430
957
340
214
313
458
3245
3221
149
1783
1360
1379
1733
3010
861
785
3189
1616
3874
588
38
3009
2414
3341
735
3686
334
769
1613
3381
1652
753
1805
1463
3150
1946
2877
2851
1824
1261
580
260
2260
3237
48
2126
505
345
169
1538
1308
3229
823
325
3105
942
3867
872
3168
2124
1229
978
2422
423
564
157
1674
1934
2238
219
2866
3333
1046
2303
3326
3268
3650
2554
1995
1328
284
284
2847
794
1248
470
2023
1533
297
2868
1357
2018
2138
76
2289
1580
104
743
323
1338
133
128
1926
322
564
1129
265
1713
1853
1714
3796
2526
1807
1374
3000
3749
3800
2338
3136
105
1601
1953
3068
229
1113
2914
3933
3338
3066
3568
76
697
3660
116
1487
1370
145
438
2848
775
3425
1640
72
3096
1645
1153
788
3662
1023
1138
3146
1461
3500
2675
2575
184
1311
711
810
814
1494
3783
1915
3208
2466
2780
148
437
3468
652
2426
2757
3894
1014
3036
916
3659
3322
2464
916
286
1235
1365
535
1468
3144
134
1
988
70
815
2025
2343
292
1973
1171
1493
553
3993
1243
1127
2672
3819
864
3259
3276
1905
1046
2083
871
2317
1705
2726
1478
516
519
325
1273
324
360
320
2675
2052
1968
9
832
3561
2230
2572
3626
564
2269
1023
3552
1037
3947
1982
2237
2745
876
1577
2544
66
3341
2019
3605
180
418
1875
2882
782
415
3534
3429
2796
947
2124
2218
2725
1850
1016
1953
153
2642
1144
278
66
2363
3318
3041
2308
3097
561
1435
905
3022
106
2135
2781
181
666
281
3086
170
429
697
1215
2556
1466
3874
3871
3045
41
1027
399
2579
150
3691
865
667
1136
1594
2325
6
1968
1604
3908
328
1641
2511
3946
1781
1906
196
1027
525
1258
1018
1541
261
138
1548
203
1407
3011
553
1093
1503
3514
493
553
1664
278
3747
1573
1026
665
596
3692
2777
1183
2133
3243
3117
3113
2911
2083
2430
3115
2485
2899
526
557
1803
731
2190
3185
1834
1557
2887
3938
3561
3659
1613
545
428
952
655
3144
1463
443
2780
2240
1833
1745
230
1170
941
573
1175
880
3372
1606
2017
2005
2244
3134
1152
1945
2953
3514
1648
1428
863
852
2272
981
1149
2154
3559
825
1794
2319
2048
3608
178
1395
253
2831
1627
1986
1458
2659
1989
2619
819
2032
1277
273
2813
493
81
414
1086
3104
490
2920
2178
3952
2961
626
2308
744
3456
1925
1329
274
1905
2754
2695
690
2571
1560
1290
281
1583
1457
796
1967
341
58
2038
2817
1970
3683
1574
281
3059
689
2231
2113
2159
3164
3253
2464
89
2035
867
3065
3128
3625
1925
22
266
1813
2778
1955
2149
90
3597
2330
3141
3663
1222
2225
1141
1479
1884
1824
3595
2265
3406
2060
1080
864
2934
1615
1464
1688
3717
3067
227
2257
1819
1193
1954
292
2043
1248
2645
1971
576
2838
1105
278
924
3169
1506
587
97
526
3642
839
2286
2887
2167
185
3939
1131
3387
2977
2239
1968
405
1766
1326
309
538
1592
2178
3124
1535
3147
876
1821
1207
1467
220
1421
1184
1137
275
1572
566
2337
3081
1305
1608
1552
3307
428
3486
2145
2061
382
1391
1053
2553
884
1398
1889
3767
1074
1514
1860
165
2967
3657
1513
1664
3917
1602
815
456
970
426
333
1247
1360
584
1646
1219
2616
3483
2628
1525
2937
3307
1319
3521
3668
906
956
3712
548
3260
2922
2517
76
621
783
81
583
2863
3212
2170
3116
1631
1076
1188
1030
1642
966
1059
1211
1147
2411
1084
1403
2256
1545
3272
2398
3869
977
1760
1625
1629
3406
1682
1570
3778
2637
3406
3770
3694
1135
350
25
3658
1647
3073
1866
3580
3353
297
482
2164
1325
1976
3015
546
3774
2337
2484
283
1669
3092
2176
1805
3387
1241
1728
3114
2228
3728
2059
3542
2962
465
29
687
3540
1385
1602
1255
1292
2371
2318
3776
1532
3388
765
801
555
562
1451
979
847
2112
2551
1060
275
1040
878
2047
2011
2727
1277
246
209
3508
2115
1039
55
1221
1754
24
3870
3663
3233
741
2445
874
1150
2928
3602
1321
3051
631
543
3942
1293
3226
991
793
252
534
1785
1489
3635
1023
3873
3476
622
1959
2535
204
774
116
1720
3112
512
3456
1687
1532
704
772
2448
2144
1194
3525
1078
3227
2193
141
964
1847
1680
1951
707
2455
207
245
2916
3683
3600
3842
2304
2176
2594
1275
858
3452
3903
1659
1815
1946
813
2744
1024
2849
2823
116
1621
223
432
1874
3686
611
1054
2749
3256
1241
1082
1609
1095
1628
1005
1843
723
1584
3945
1333
1634
1960
2007
2672
141
1341
1371
2327
68
472
2381
955
1094
2124
1235
68
3484
3226
1218
1311
233
3044
1434
376
1685
423
1248
1501
3795
3172
313
1808
3895
3162
835
3077
1811
1338
568
2325
266
2727
2906
2164
3801
337
3767
2125
2507
1171
3935
2492
1216
2220
565
3950
2424
1432
3723
65
3403
2510
741
2951
3942
2147
3457
2270
2264
203
1470
2717
1495
443
2831
3327
343
2829
1475
1009
2620
23
1354
576
2298
1223
3921
160
734
3282
267
2202
1547
1692
1409
703
2625
2379
2056
3735
2652
1165
1603
2086
1794
1805
3407
3453
225
1435
3395
3062
2574
2724
1839
1220
751
463
3603
2907
541
1766
1685
1880
3961
3923
1335
87
1752
717
3920
1986
1363
1291
13
2920
816
856
2558
370
205
727
2174
920
1340
3184
931
1335
2532
1092
3476
907
2424
1658
3107
3011
476
3834
1071
3095
2765
143
865
979
2846
646
953
606
192
3322
3152
55
184
2136
2045
905
1122
1560
893
3952
51
1523
3851
3756
2491
1126
2703
1986
1456
141
74
1123
2641
803
1977
2294
1133
3373
2651
1461
1986
3127
3712
3221
2096
213
1076
3014
1028
3031
2406
942
2384
1155
3752
1355
506
21
53
1558
3456
3192
3354
182
3358
2638
2439
1135
3054
792
3180
1615
2238
398
3213
2927
1064
2884
485
3794
850
1533
2077
3697
3157
3523
3089
2189
2882
841
1576
1626
675
2275
2611
2821
819
3045
3627
1366
1713
1161
1684
2884
2359
902
3575
337
1463
389
3984
2397
3045
691
2640
239
1840
308
1166
3307
2916
1910
1932
2343
381
1772
1872
2721
1364
2260
1970
684
283
3967
2964
470
33
2145
2426
1240
952
1378
469
1904
1142
2390
2236
425
1881
1561
726
1844
2834
1721
1608
2184
270
2651
3712
406
2830
556
2698
1175
1904
2427
81
3715
3351
434
3436
201
1954
500
2569
1742
3029
560
1254
853
1939
2276
1369
1847
3482
52
1636
3435
3886
17
208
1656
1597
2718
774
3171
16
2780
1795
485
1819
1582
1056
291
2263
732
1941
3002
3343
3983
717
1855
555
1449
3961
1183
3469
2101
3858
1122
1733
3786
1356
3631
1058
3153
2762
1482
3641
1928
3090
564
3103
499
98
1056
2816
2574
684
2997
2099
1868
711
2823
2499
3730
1537
1364
3179
1044
3754
3337
1137
1819
297
1964
963
275
3462
1152
585
664
225
2
1526
1047
2572
1021
749
3756
638
1083
979
1452
2423
2840
2064
3995
3243
394
415
2622
848
3214
1266
3101
26
1662
2705
2799
1961
1381
2270
3955
3362
1927
3810
2815
932
1218
803
3682
460
1805
3776
1401
2693
460
2429
804
811
3551
1293
3906
3488
919
1764
2007
2239
228
3638
2456
2335
2513
489
60
3249
297
3249
67
88
114
2069
3508
1627
1549
1150
1418
3473
1033
267
3718
1387
1795
168
865
3646
544
2947
1634
3257
3798
1536
923
779
3722
34
42
445
249
1839
1920
2362
3957
1968
54
786
1377
3802
721
3946
1378
246
1209
2584
412
1161
2926
1073
1027
1269
2578
730
1494
2818
321
444
1369
1304
445
140
166
1868
2903
88
586
1835
2844
3925
761
292
2356
630
3131
1047
3370
2136
69
559
2566
66
3359
221
179
1271
2383
1973
3022
1909
3351
126
2569
481
1770
532
3071
863
500
1406
210
872
2663
1614
1347
3408
328
1241
674
1450
1390
76
1751
1399
1362
1122
2950
247
2763
1602
1046
3346
2446
2342
827
3064
1344
488
561
1557
2413
1382
2179
2074
1432
2283
1098
1460
3646
314
905
1251
163
2906
1804
3922
2090
1218
257
1873
376
155
315
1500
649
3298
270
1451
1881
876
506
164
417
244
707
1748
426
325
1357
68
808
2805
747
2161
1673
2308
1353
1976
1931
2875
1875
3213
1773
1445
1831
741
3875
688
3032
3359
1437
2013
234
1846
1229
40
13
1137
3925
433
3008
99
82
1164
3831
1408
3040
3778
1456
3004
1370
1022
93
470
860
93
3327
1057
2149
983
1490
977
2437
1179
2093
2298
3776
1079
3740
1590
16
2632
2850
2350
174
3188
3357
3212
3450
2429
413
779
1309
2103
3985
493
2510
1372
1878
275
3268
2831
702
245
3385
751
2707
1055
1232
774
1921
732
3745
1140
280
3499
3985
2580
1422
2132
3499
676
1134
3724
2669
2723
3320
470
3329
1631
2613
1508
2997
2143
1265
3150
3308
12
2391
2097
1322
263
1585
650
1441
989
2633
774
2877
349
3067
3722
726
1424
3120
2087
1709
149
364
3932
3804
3762
2777
3546
2040
811
793
605
663
2236
114
3908
2018
2251
392
259
20
149
3410
1152
1712
3103
3904
859
1133
3590
2178
451
1000
3170
984
2292
1966
957
2052
9
4
1035
3916
3732
501
186
240
2340
2
278
1168
1501
1427
2170
1091
3090
174
1374
3562
1231
3915
69
1389
1156
1067
236
1760
2792
1617
1566
1508
1183
919
1436
24
653
3749
1558
1869
341
724
3340
1069
1945
1668
2425
486
634
1895
3820
1572
1867
2045
390
1380
3527
253
1866
839
2284
1723
2783
1445
2372
139
3152
1267
1974
2263
346
1364
968
2892
3167
3221
410
1668
943
575
3090
1295
2548
2438
2083
3221
1134
166
2666
2131
2416
1591
1870
3404
1294
2025
1517
3545
1317
1107
2692
235
2919
1147
3747
736
2588
237
1268
1676
1867
444
3673
1455
2007
3403
3464
3713
2351
3847
215
2441
2141
2251
2338
1256
528
1705
811
2577
3992
2539
3047
447
3367
1
1918
1816
557
1622
3862
3640
2555
1194
687
2989
3060
1017
3051
1896
1288
3477
469
1727
1189
155
1569
2815
673
3605
2975
148
2325
3679
1000
366
3689
3773
1572
1727
2073
2986
640
2744
3073
1765
191
3172
258
189
3133
597
3968
162
999
2641
1727
336
3137
1968
607
2433
648
1988
3329
2721
785
1939
587
2154
3110
1803
2156
1653
2133
1719
1992
914
1290
2301
504
3053
1565
2632
1433
576
1114
2496
3482
847
253
2436
214
2652
2462
2195
3172
3932
3737
1281
247
1504
2043
3800
909
2497
3157
236
325
731
2546
432
652
55
2627
122
480
2314
3914
1679
990
1361
2239
1998
3661
1232
882
2329
2450
1491
1804
1023
3168
208
1728
2215
137
2359
410
3612
77
2843
3884
87
3963
2512
813
116
3071
1435
2055
1369
2151
2205
3234
2553
77
1349
3391
2555
493
2327
1791
43
3539
1191
2111
296
3377
836
1757
739
1262
1429
826
1025
1553
1664
847
1772
1970
1833
565
2018
1204
458
1641
1705
1062
1870
1398
1773
1455
1888
1677
1839
34
591
1246
594
242
3100
1091
189
974
3188
151
1987
80
2856
709
374
1328
1588
175
461
1966
1932
309
3053
2273
913
1374
3251
3226
1838
3974
381
974
218
430
3420
339
1343
3898
2104
3547
2385
3411
916
3859
3057
1512
292
410
1448
3385
1261
161
1878
379
470
3872
1620
818
188
62
3772
2276
985
2816
1444
2076
3941
1453
837
2407
2539
1218
1157
3538
511
1935
1836
463
2739
1945
31
1755
959
155
228
2054
3713
2378
2850
317
619
996
265
323
584
413
2088
3417
3169
1615
3185
3836
1802
3105
1147
3847
1495
2472
736
1114
3466
1466
745
1334
2385
1872
1701
1606
3
537
2792
559
2320
1154
1376
2168
550
1607
1219
1909
2331
1147
1962
1401
2454
1659
3454
869
1378
1816
441
1322
2269
2067
1683
2499
28
2630
250
1629
2934
534
4
2666
2197
3652
3708
253
1934
795
1117
1457
1037
2658
3471
2093
703
994
1455
2761
2041
1947
3903
1349
1556
1678
1814
932
3069
1539
1524
3567
3966
820
1123
2829
2721
299
2661
1390
1324
2942
899
1193
964
449
2032
523
3755
1186
3867
2117
1837
75
904
1217
774
3527
221
1750
1905
2424
642
1419
3310
2108
3925
1123
332
2149
2335
829
2024
1306
833
1365
770
602
1284
1339
1308
2421
1146
982
955
1297
1559
2868
435
331
1546
10
1361
1551
1254
916
619
2608
851
2224
593
1156
2471
1594
3490
1393
232
3803
484
3941
3959
199
829
2383
1815
3355
862
3685
1409
2647
2860
1223
2417
268
195
1033
270
113
3399
3012
2630
2021
1047
2038
25
885
501
3855
3480
868
3991
510
765
3640
1279
3706
3683
834
532
2046
1188
280
2652
1731
1273
2926
971
238
3133
718
1873
3010
1472
1380
3821
1945
1290
1612
1505
3442
2415
3016
1897
144
504
1131
207
2113
3889
958
316
2840
1486
3170
2449
1056
380
1422
956
622
2028
3241
510
699
2950
816
666
111
2560
2047
3113
947
2627
2314
1405
3499
1517
743
879
2079
2059
3975
3842
2014
1367
2118
1096
400
1817
3946
344
2421
682
988
1774
3878
1729
804
3386
633
1365
3715
626
1595
2489
708
1872
3962
2654
2826
3898
1630
1309
3208
1746
181
1441
1178
19
2677
1053
636
3839
1022
1196
1763
1826
3180
2531
1276
1460
1360
476
724
1132
1942
1362
1927
1359
1439
1261
2033
936
2440
1708
2022
3783
1801
1889
1808
57
935
1154
282
3364
103
720
818
1626
431
1581
464
1904
1460
3014
1735
2312
2395
856
739
661
1610
417
1599
1792
255
509
3502
527
3846
1495
1819
438
3814
776
3784
809
609
1110
1528
719
1453
1771
420
2442
1532
1656
3861
2267
3654
96
3091
2261
2028
3480
1166
3307
3389
2055
214
497
1005
620
1098
561
1812
1750
595
2192
1797
1543
133
447
3961
1188
1215
434
1264
1093
2048
357
93
3862
2115
1986
3600
1693
803
1745
944
2268
1782
2848
605
1296
3384
3750
1027
781
1815
2385
2075
2190
3905
1726
2407
994
3351
892
2589
1899
2832
1349
841
1892
266
3945
878
2831
2451
563
576
1495
3290
1879
988
1451
1127
2312
590
5
2061
3948
1272
1666
654
551
133
2514
3351
3528
2712
1528
3766
437
3261
332
86
636
1458
2300
313
1058
968
2827
195
461
2543
296
1674
1116
2727
1437
1027
3515
3976
590
2527
1977
770
1674
3980
2734
613
722
2117
3664
2656
195
2339
2107
1165
3413
2993
61
3623
3347
542
1335
2840
1058
1122
2146
3445
2286
2592
1770
3156
2628
2522
2345
2298
508
774
2465
1027
2544
873
107
3820
842
860
3353
3209
64
41
239
3966
875
2722
2305
1975
3180
1268
1598
2885
1658
585
810
326
340
381
2370
2166
3203
1268
1648
620
1048
1801
3071
1192
1137
666
2163
1035
933
975
399
1793
973
1820
2485
194
3699
3823
3097
206
1496
2581
465
2061
129
2687
3933
3792
3613
3435
1
702
3612
1027
2078
2387
2490
766
1969
200
965
965
3723
734
790
1873
1464
2779
2046
883
2004
486
1860
9
1904
1578
195
907
138
2289
3741
735
212
3685
1464
3341
111
1515
523
3084
934
1009
34
3852
3826
1557
3453
722
1561
940
2764
3440
1186
2229
1796
1069
134
2513
896
572
3748
517
3081
2070
3505
3693
3452
3480
2032
2233
2477
3680
430
433
199
1528
1085
520
1700
2677
1664
2073
1835
838
3372
443
347
3434
1668
3229
3938
1640
3636
3852
644
2125
190
1172
2274
3904
127
395
3570
3232
1223
3148
1649
2230
1356
1496
1531
3372
2694
451
306
14
1342
1167
1323
750
982
1211
1375
87
235
88
1860
2785
1766
1296
254
256
2359
2496
2047
3123
3131
2875
2353
811
2127
1039
904
1808
686
2283
2743
3579
439
1725
773
279
3538
3847
1705
3670
3162
1662
1776
1764
3280
1854
2819
2595
1203
2620
3330
1769
3727
2389
88
2839
1840
2280
1079
968
2663
443
236
2119
819
450
1865
3114
1125
2811
1133
1442
2692
762
2949
3735
3318
3106
1605
768
427
1737
2588
3776
702
450
1948
26
2841
1144
1134
167
2065
1564
146
2048
3059
777
1259
3043
1407
2740
3327
1546
503
3829
740
1135
1053
29
2086
2915
1832
864
489
2371
3316
1716
1143
1916
306
3733
304
2336
2530
1438
3972
1623
3316
1792
1246
1228
1831
1770
1316
3461
688
2323
3120
2373
1945
421
23
3887
1727
3388
1980
1992
862
3849
948
663
2782
1753
694
1909
1704
1528
1657
1312
254
1031
2388
854
1539
1376
836
3272
1802
715
1474
2168
175
1113
3977
3927
3762
786
801
1669
2950
3104
431
223
1674
2191
1730
2497
256
67
144
2798
956
520
524
324
1342
1013
3578
3420
1093
3252
1251
1916
2802
2130
135
1009
826
2715
1768
3246
460
2486
1681
1726
1524
187
320
1123
3442
2602
160
483
1638
1342
3077
1081
1830
3495
707
469
2044
3034
1738
3062
110
1635
2053
3910
1599
3348
260
957
965
2479
3459
3849
1154
1684
2394
3165
1489
3130
536
1133
2427
1752
628
961
1981
2242
3
2303
2492
197
2324
3106
1673
2641
976
2465
2233
1740
1350
3105
1564
942
3683
1965
498
1247
1361
1784
3081
2086
2404
862
2217
671
1211
356
522
431
2283
2769
476
658
3423
2352
3764
1635
2878
1002
1269
3899
2127
574
3514
1834
535
2203
1940
1131
3105
511
1863
756
2555
1855
2226
957
2991
3945
2142
3238
230
3754
1814
3085
766
229
26
1998
2008
1364
2136
593
301
1342
1336
80
1807
451
25
3609
3938
1245
1068
3483
650
607
2012
2787
151
41
309
517
1453
1581
761
2466
980
761
391
2918
191
1354
296
53
1857
1404
1286
3193
2729
1318
1524
1891
202
374
473
2684
1376
3578
2751
1710
519
1890
2748
3898
1903
865
922
186
589
3423
1915
1320
3125
1381
728
1326
3923
1175
1893
444
2191
3619
2210
3225
3147
1266
984
1958
1165
3070
3447
3602
2052
3248
3180
3698
843
2615
3546
3967
1584
666
1026
3086
3745
1323
2869
379
3772
997
2697
1132
239
3629
1516
3934
3130
1180
938
2833
2499
73
3525
365
2749
3276
1240
3733
3127
1909
264
455
1078
1884
2476
3013
1463
936
2328
249
3383
1287
3220
1713
10
526
1345
1575
476
862
3257
3668
3527
1258
2803
1434
472
387
3926
1027
1745
1393
3998
233
2163
982
2445
2863
1658
1132
1857
151
1652
1211
544
961
3783
2490
2933
3847
1307
563
3401
3153
456
3382
1174
1451
1417
3652
3144
3446
3181
3405
1620
3845
3849
2860
1722
14
2858
895
1177
3477
1031
2518
2059
885
806
2261
933
1836
2178
3047
2322
491
13
2839
357
339
3552
1727
636
485
2614
273
3957
1901
1314
3245
3388
3690
1442
561
1695
3019
3024
3472
2666
3226
268
1339
759
1694
1197
80
2394
3844
223
3262
3201
1082
2276
2372
1860
1151
1280
16
1740
3653
3090
2837
3743
3234
3412
369
451
566
1987
266
821
1380
3601
1364
834
2854
3465
3226
1584
2660
1171
1741
3614
3860
1987
183
2362
2970
2437
3658
3465
902
1006
1575
2381
1439
585
274
602
1878
1503
3476
2499
1233
3181
2532
959
319
93
43
2881
382
2122
1558
3202
1652
1775
2807
1022
3199
361
3455
1548
25
2633
2941
2515
2857
3006
1628
224
3126
2213
3933
1449
634
1971
1266
1010
355
1028
1631
2123
1925
3555
1932
2551
1481
1454
1726
153
120
3096
1307
3712
3797
165
1713
3575
1264
1163
2883
252
729
3230
2862
120
3396
39
3176
162
3218
2887
3938
1964
2917
974
3909
1930
1869
44
237
2676
2955
1648
175
2906
1869
1797
2564
1191
766
869
37
568
766
1436
3318
3365
1565
2493
3134
907
1256
1403
3391
605
2857
1160
54
1612
1519
1319
1802
3069
573
3135
1107
174
479
1583
2981
3017
1120
2127
605
3182
3164
1981
1289
327
2947
1943
670
745
785
3192
1474
6
374
3363
2600
3066
2950
218
3324
1939
2400
134
252
1161
1810
3066
2408
1860
2281
2451
2714
14
3336
104
716
3099
1063
2661
476
746
1635
3210
1313
1992
1369
1512
333
1702
1895
1046
2320
202
2343
1246
3584
125
1601
2997
3162
3006
1408
1973
1918
952
592
1294
1638
1162
3089
2089
3345
3218
2764
1070
308
1501
3476
524
319
584
2356
50
2253
333
1073
2061
811
3940
36
100
1378
1181
1662
3075
3909
1866
2341
1286
360
1133
3210
1184
2649
609
2060
3790
2659
639
593
1992
2564
2733
3974
2722
3824
3153
3853
1435
1187
923
1972
1883
1251
2653
160
1171
2410
6
2512
3194
148
3142
1566
2102
3865
3074
1933
1338
1368
3719
3012
59
1839
1430
1077
3677
1158
2036
1510
2338
3838
435
3707
457
1010
1841
451
696
1749
2914
1065
803
429
2749
3389
2456
1220
2009
1943
1700
2881
1347
1095
1100
592
3609
1579
3306
687
1064
580
941
2656
195
3043
2304
567
417
1555
2644
1946
1096
1639
2503
3049
1979
711
1069
2451
438
1337
2331
103
2388
1759
838
1016
3618
1354
1798
1493
2210
1495
1665
3552
2084
795
3069
3204
1461
243
217
1002
1363
25
3243
2737
3361
1873
137
1475
624
2639
329
82
3000
827
3090
3592
533
203
1652
615
1374
286
514
1341
1043
1314
338
1821
257
838
247
1096
141
1136
3258
3241
743
157
3447
1163
917
29
1285
42
2326
943
3176
285
244
2306
855
1425
1553
2903
82
3240
1402
3053
1440
669
924
1325
3929
3464
2318
2525
107
1959
49
1246
269
3335
2139
3568
1659
1884
355
1802
3749
27
2757
1746
1729
977
620
1365
2174
29
1988
1561
3410
2420
3885
1011
566
1708
2298
1353
2815
1758
2809
1360
347
240
2655
580
1525
2566
2386
1161
1046
2445
456
3595
875
1258
1699
688
3397
1619
2000
2033
1344
1643
64
2677
2129
1749
637
2070
529
739
671
1163
3000
1470
6
2156
2471
1464
3225
221
2386
1025
239
3520
649
578
1320
277
305
1462
286
691
1980
3127
3971
3622
2170
1178
828
2762
1007
2535
3896
1803
569
2820
1657
3940
1083
2975
565
2294
3107
2934
1686
1945
1564
2485
1732
162
179
522
951
3683
857
30
3666
3674
1471
3306
1790
3952
731
1638
160
1788
1424
3113
726
3453
833
3779
1504
1372
2985
846
651
1839
784
1958
1692
405
261
949
491
3234
3184
962
1520
535
451
1463
1350
2242
1448
1762
1743
244
1462
2873
736
48
2081
2281
2038
3553
3942
293
1295
3996
3914
446
1785
3786
3398
3960
1000
3960
2776
431
3223
1001
582
982
1231
2275
1303
1980
2086
2622
2552
3334
1910
3710
2778
1436
2589
1096
2610
3420
2841
668
2734
819
745
575
2043
36
2280
3707
1684
1209
1487
2997
3809
1661
1992
455
673
2374
3976
343
1769
3366
3905
365
343
3229
1952
2298
3354
2352
1148
2349
913
1334
361
3973
52
494
1531
3793
1475
3967
3903
1672
3106
983
1092
2258
43
2311
1830
2213
3317
512
710
2194
796
3794
1737
2859
389
2084
3124
1948
2211
2249
1556
1247
1975
603
210
266
532
1498
3622
383
98
2707
906
493
1229
2191
110
3633
843
856
635
271
3830
586
708
641
3886
664
145
467
3307
1898
2164
2387
1613
1562
1840
2143
3047
1782
750
46
2043
555
2180
1953
694
3377
176
2593
38
1332
2045
1983
2261
1152
3069
3064
2205
450
3342
2124
524
651
2507
794
2488
3165
2410
1930
766
382
981
3405
2540
3059
859
2341
2651
12
2943
135
935
462
3154
672
1665
930
3022
242
2349
2636
1671
2925
1796
793
2238
1772
2396
2322
612
1450
2265
1498
3822
2133
1533
2276
742
752
413
600
1427
1121
2271
2634
2686
2527
811
2409
1191
1784
743
1949
2253
3834
3802
3625
1453
1450
222
3992
950
36
448
3425
1924
1729
854
1288
2866
2884
1152
3698
325
3713
3897
1390
1635
1174
1420
2749
1831
703
943
3068
3779
624
2453
3355
3083
674
1827
2740
479
95
1371
815
238
3191
2421
1771
631
3158
3963
279
1610
1262
3674
3334
2406
2216
15
1139
2227
430
65
3897
964
1383
1835
1998
1306
1823
1874
224
3814
674
1110
1615
3923
3080
322
2896
3029
1800
139
1211
264
403
1969
576
846
1152
2794
1889
675
870
554
1645
1195
2025
3811
1175
1508
2772
3055
1252
3029
3752
1723
2383
1811
1936
1955
3328
3964
760
3957
1986
207
1072
1074
281
624
1742
2327
1108
2817
640
3678
96
668
2344
746
992
893
1767
1374
1864
998
249
2961
779
1219
2606
1585
2679
3071
1562
3455
1188
1583
1016
499
650
2024
3932
1004
1936
1198
2539
732
1051
1560
1452
3219
1774
562
2803
3917
410
3017
243
2435
2143
3370
842
2281
2066
183
2370
2707
2498
500
1734
2091
793
1139
793
2941
3265
3103
2117
3493
454
349
820
3684
892
1934
3033
3318
2791
2968
114
2269
1237
2040
3359
2104
852
220
342
1053
687
1667
1585
771
3337
3827
901
3618
2850
2938
561
1046
2559
665
1454
1639
2086
3800
879
1864
3540
1066
1706
632
864
1725
1990
3901
629
1158
1541
3174
3111
363
548
1828
100
1719
104
3643
3732
1769
1609
1124
2157
3797
1880
2603
548
1666
3230
1891
898
58
2209
848
1204
2663
2614
1672
642
730
1629
1498
1637
3981
690
1187
877
538
2355
313
253
3942
1156
1155
133
1298
43
1493
3899
3196
1976
268
3364
1354
1275
1030
1412
2623
1847
70
3663
3515
661
2369
272
1709
137
1778
3397
52
644
1032
1773
2163
2531
2353
3687
914
76
1438
3815
1146
3817
885
319
339
3809
1512
2269
1534
984
1022
727
3023
2859
1114
229
1147
317
3260
1846
599
3655
2518
3921
2642
2030
1852
1722
3056
553
1639
3775
2026
2968
3654
1920
1571
1164
2083
1447
1816
950
150
2790
1894
37
1084
2092
1476
3395
9
392
2513
3682
1702
684
1674
732
272
1371
3
703
3523
1094
187
1779
687
2299
2222
2132
837
911
284
362
2435
1650
3243
2006
1541
324
778
2964
1
2859
1507
3587
1463
994
38
2783
1717
2223
3237
752
676
371
3976
2120
2952
2390
2964
474
3095
3213
809
3994
420
652
1308
195
2358
916
2666
2054
2315
1825
2474
2145
3573
1403
1109
3389
1353
3313
2639
2754
3756
2874
2344
331
385
3828
507
2214
886
2745
3225
1383
3757
1243
1922
761
27
269
3279
902
2990
1159
1301
3339
93
260
2282
3595
956
1705
524
1077
83
3658
2057
1021
3793
738
1786
3207
3767
2442
2508
2220
1177
6
533
830
1777
3684
338
146
1662
227
2137
1465
734
1071
246
163
132
750
1128
2341
1898
73
979
2192
1933
2694
1280
3216
2151
2410
2644
122
1395
1792
3004
2544
1751
666
518
29
1247
3686
993
1154
894
1317
1510
305
247
1500
159
459
1872
918
2884
2953
1768
3366
424
3218
1231
2922
524
1065
2180
2418
3584
3490
958
1463
3498
1955
78
1903
1877
1080
1909
2913
1663
23
3335
1839
1056
1632
3360
1039
59
326
3238
3801
1121
112
1312
1495
3712
2305
1675
3770
3120
3089
295
2421
796
2751
934
3100
1593
2378
2029
2349
3597
146
821
1517
1062
1192
299
1603
3670
935
3202
3531
3073
1290
769
1544
1929
3546
678
2371
2206
1903
1221
348
132
1336
2041
726
463
1254
2952
2988
1871
444
2252
2194
1665
1484
1979
1357
505
3833
146
3985
3255
540
15
537
352
3393
2781
1798
1720
1567
385
3697
563
927
3537
1614
266
119
1277
2233
1851
2123
1010
3276
2355
1067
2051
1827
55
2254
3814
321
3624
1203
1235
87
3888
380
1207
273
132
1261
989
734
3070
3086
1272
3195
3271
3306
1351
1129
2522
1203
1287
3522
273
225
1771
1245
195
1348
1441
3246
3606
2273
593
3345
1799
574
3276
1030
232
1738
152
162
1008
3338
3728
1251
1961
1833
3244
2840
3667
1247
1602
3971
2111
2495
1153
1111
1518
1559
1030
608
3965
3074
17
1135
3305
368
534
326
1843
1635
3068
3564
3208
1064
3414
3276
632
313
2231
1964
1000
2252
119
1121
1949
1097
2079
639
2498
532
2722
2135
3450
631
739
977
932
485
2833
709
984
2343
2845
507
1150
3824
3701
85
2958
2492
2664
653
3048
2003
23
2819
1749
814
789
3894
2233
3022
1062
125
1296
3984
2511
2025
2491
518
1889
742
2098
354
1051
1917
1903
3630
1325
958
1623
3042
3102
668
266
855
3253
1246
2994
143
3004
2127
918
3768
2360
278
113
141
3955
3004
3535
3146
715
3027
1528
677
605
1270
3870
3515
566
1723
12
1664
131
3109
2736
1473
3635
1058
1692
2150
2010
2758
1351
2204
2641
3117
1446
3190
900
780
758
2376
1515
3078
3170
1832
1649
3488
2282
1811
521
665
3585
1170
837
1550
3981
1653
3305
2886
2107
1260
695
3406
675
1775
2347
1464
1656
834
3681
1203
2931
667
226
1984
2121
1044
746
673
3498
3837
335
1568
814
732
3630
3479
226
3933
3524
3423
78
2895
3837
2468
1282
626
758
2874
1034
1834
1524
2523
326
390
3335
322
344
3362
449
1475
1023
819
2716
1964
1250
132
1759
2233
2474
322
3142
255
1572
1793
3316
3096
1496
1664
3816
869
1116
3859
443
1225
2414
156
2
3175
2670
2439
618
55
3471
1277
376
903
3967
1444
350
2760
3769
306
3313
2298
2510
2358
886
1784
3812
1148
2780
1210
588
1886
3399
1841
3531
1082
53
92
3728
830
1556
1344
3778
3166
3434
1322
849
2403
2351
1380
2059
3047
705
3544
1385
725
487
2375
1681
1264
1101
1561
2891
1610
2521
1070
791
372
1852
3379
1027
749
3058
3362
1553
2194
3774
3582
105
2365
3626
2730
2014
212
1421
947
1833
795
1902
3009
2119
3495
2114
1258
4
993
657
1957
1351
917
1935
63
724
882
1845
369
3592
2695
571
1396
1562
3392
3253
687
709
2015
1508
2165
1762
1736
538
248
2758
646
1704
76
1043
2119
3132
1036
363
1088
2340
2806
3702
1338
671
1284
3964
224
2374
3453
3787
2921
981
2894
2280
1387
1556
1294
2580
3696
1901
2319
3052
620
3588
323
2512
121
3923
763
1991
1624
1493
3229
3586
3071
1593
2190
3899
3320
406
2390
3559
1926
1194
738
3442
1719
2032
793
3651
719
1879
3586
1266
2235
990
1857
558
3341
257
62
1
3466
1763
38
2938
215
2295
1174
1635
177
2247
239
440
471
2185
3744
205
2013
3034
463
3049
896
1464
3487
549
2831
834
1038
1970
2666
1746
1230
725
3430
3166
1175
2649
2048
1501
872
3542
852
3740
821
2918
204
94
1900
1344
1114
1948
1533
3349
422
1346
1890
932
847
868
1389
213
3046
943
785
1488
3178
176
2342
2295
2366
1215
2433
2145
1336
3448
2220
3287
3326
322
1044
1417
3135
1444
2468
2315
2680
2310
1205
1812
254
3046
1170
453
2940
2622
3999
1338
3699
875
742
1721
260
1476
1884
2646
1743
1708
1915
979
2932
2723
3475
3436
3836
259
2521
1993
1727
2513
1011
2268
1683
392
1501
1298
3247
3326
953
861
3352
374
1030
1023
1443
949
2540
508
1046
3592
2284
3480
210
916
1914
1698
1244
268
3963
3554
1983
2197
3608
481
1527
3812
2014
3702
1547
1187
2366
832
1736
1728
3253
167
1449
104
894
1315
3476
3030
1034
3159
286
307
2980
2776
380
771
2267
913
282
3059
744
600
897
2689
1148
790
374
2719
2503
651
1266
1434
1663
2012
265
1985
1940
1304
647
1873
1508
87
2160
1425
2866
105
2961
2392
286
937
3148
2751
3742
2381
2832
3819
3968
2272
146
322
153
396
3662
207
1649
654
1287
1537
3137
1870
2975
56
143
2615
298
2736
644
1300
3363
509
1471
3144
586
3267
3167
3358
143
1897
1289
3152
493
2028
1695
1700
1454
22
1237
1476
1309
2488
835
542
2066
3412
755
760
1734
293
99
1282
975
1832
3943
2426
2239
2532
1359
1056
677
2901
3757
404
3261
14
2640
392
2992
957
2011
1764
3212
599
223
1309
2318
3276
1148
2982
2132
2709
624
149
1968
2592
564
1231
3490
869
3562
365
3685
1514
420
2584
2453
2341
2545
649
2638
1194
253
1133
2500
3837
2986
1682
3476
1024
860
1604
1211
649
684
2208
319
646
1692
509
363
3153
3683
2932
3645
1410
1937
3267
402
1215
2385
2986
1800
1523
341
1238
3857
221
1376
262
2124
42
562
1847
1628
585
1007
19
509
1259
3829
3911
2963
337
2015
1382
3254
696
1444
2844
561
1381
1581
1266
48
1541
1499
2069
1206
2492
2366
3597
1386
3583
3827
270
2952
939
148
721
2277
2303
538
2814
3749
578
1005
2071
2957
23
154
1660
2339
2910
1132
3183
1621
1161
1699
2392
2427
2524
980
1069
3342
197
2040
905
1858
904
1073
968
978
341
1142
1872
3795
428
349
3775
3355
1574
562
3461
3348
1487
17
2995
3886
955
3395
1180
1415
380
3796
2695
3817
31
1575
3117
526
2961
1890
574
788
1048
1412
3633
1913
2107
2940
2165
1477
2039
2325
313
985
1336
1393
1679
1777
1369
616
775
1818
612
2648
272
2556
664
2737
3962
3367
714
256
3597
3025
1445
1781
920
2020
897
2967
3122
811
1270
918
2932
2117
689
513
3355
3936
2042
1844
436
2231
1179
430
3788
3563
3059
506
665
1825
306
904
3366
1148
124
1339
2224
1459
272
837
451
3385
2136
2394
3681
2162
1457
182
598
1309
1026
62
3342
945
1533
350
2513
873
778
3184
2097
3246
939
2992
1505
1971
798
294
1092
709
1221
2668
1659
312
114
1162
2346
2315
1940
2398
2512
2337
2227
733
2224
2625
267
2777
1565
1008
1764
2566
298
2717
3113
268
405
811
1626
1503
1684
1539
3393
3787
1418
475
196
3122
2188
2515
3134
1858
475
2115
1082
1253
2612
2723
3109
3937
2759
1198
2746
3310
1214
3332
775
1515
2479
3410
2249
1729
626
274
2974
2675
3537
2378
2312
359
2118
1879
3946
3351
906
3891
73
169
368
2246
1156
2156
2251
378
1105
3052
155
3800
463
1606
1809
3485
1843
2608
3426
470
2559
414
624
1643
3026
3852
1187
1454
3455
1807
674
654
1046
1875
3211
782
2304
342
3662
3989
3995
495
967
1042
767
3652
1035
1073
1756
263
1012
2373
1951
41
544
2788
3652
495
558
3170
484
1825
1295
461
203
2930
1240
1454
3653
3191
3074
1709
3974
1647
2102
1695
494
1090
2465
1086
1275
2765
3065
2645
1984
2076
624
283
3749
551
3540
3895
2898
985
2472
3368
3443
2138
615
1517
1439
43
1484
3423
1689
3563
440
2481
1576
841
2897
1665
2652
29
3302
2360
3325
1788
1960
2372
1390
2377
2287
471
1522
991
1800
1540
323
3423
3184
1556
3803
2278
776
852
627
3989
1376
106
3345
1734
3224
2367
2885
2381
3452
276
424
445
1417
371
1577
47
1422
1911
1323
1258
115
351
3408
784
