18601
7665
19993
5537
3408
24561
28058
16268
7940
22140
13494
930
22264
5082
20261
12561
4683
9212
18120
14166
24630
7488
25787
6518
7423
34398
8320
18533
18434
7239
5760
18650
25584
23252
34060
10598
5155
36138
36793
13633
16955
18448
36396
31817
8559
11063
11913
865
3356
2180
33634
32728
13308
32349
27813
912
2545
29375
28874
12451
19547
36343
35199
9882
2343
25439
38315
1454
6166
18714
1695
25520
910
23062
25160
34574
7583
12372
17182
15200
28207
18509
38032
38507
23894
8765
11162
38063
13038
39542
23225
13901
22971
11000
985
21174
18915
17879
18573
36605
34914
1052
23243
25927
9675
6276
37452
38580
20891
35299
25769
31498
25175
26842
4670
13344
39082
17691
11950
10312
13301
5774
16008
37619
12185
26912
27498
3825
6020
1373
13764
18581
16360
12535
20689
9637
16502
5994
10360
14162
19475
26427
4972
1212
2950
36969
16734
2083
20053
11329
12508
16182
38747
18221
573
34553
8101
14002
4881
39514
21721
35301
30833
38675
33887
35345
33344
36792
29611
14491
13851
18330
8570
10485
31359
35741
22766
11401
16211
27003
8414
34535
25923
27581
30380
28734
8861
20831
23267
12375
28828
20525
27457
33570
37130
22107
5981
25639
30242
7345
8552
22533
2558
9985
307
19441
11691
31342
35724
17602
8152
25860
38620
16250
5890
32752
35361
8934
10243
33674
30784
13910
11969
1264
24238
23784
5977
14089
18989
26975
1795
13373
26560
23739
3759
28174
11099
35349
7419
28237
13152
39941
3845
25752
13733
30574
6332
29574
8309
11680
35546
4418
13603
24669
19313
28845
13128
16165
5166
15281
27623
24622
2693
26879
9893
7183
30192
38962
16164
32770
24864
2088
13787
15768
34053
20973
33949
39513
24515
1654
35822
36182
17996
18916
14220
29062
14681
945
22920
10692
34148
3671
31552
434
16793
22405
8247
14864
3510
6276
4129
25851
11422
20382
38175
15837
24797
6143
33584
18432
3004
8974
12147
8074
31763
13919
10413
17681
37419
544
38531
5938
7595
15371
20739
35495
2408
18156
26014
9965
29205
32642
27600
16432
5576
15747
14262
26740
22521
26860
34542
18119
5373
2374
38699
4657
2271
39362
39944
21799
26743
11042
5311
22039
26869
31811
1965
4382
8716
17190
3951
17935
20567
7069
36950
23267
33690
24279
18888
36821
23768
6571
38270
12680
18719
32403
15352
8864
36123
35768
27536
34885
6251
30732
36779
27803
29051
37482
30340
11879
4063
5947
15155
27472
15664
28551
3428
37701
24666
9403
10373
6874
8328
16703
3999
33410
9683
15942
14391
3962
19740
19718
31876
6990
21887
25166
10763
26304
31684
18635
27269
24931
1131
31815
24431
37491
32910
19453
5176
2719
8043
17941
28479
1886
37741
34648
10041
30716
36331
29479
7720
5818
11758
14537
27057
36775
16416
38324
16417
15313
30267
2152
21279
17732
13883
14520
21188
37162
8369
39671
28606
13463
38942
15306
26712
38322
8545
36596
32454
38101
39624
36128
1307
19530
30476
16803
23425
10098
18309
14754
3889
20805
32642
12115
35931
25695
14754
29672
14312
18789
18006
33250
28552
25407
37267
16584
32318
28560
31436
32482
25225
18760
6562
29422
38718
25265
31874
16942
32331
3203
31433
5597
2710
32482
25925
13729
29818
36483
10648
1471
22692
6808
7167
17011
6341
12742
845
1875
35951
8054
31058
3472
32824
18396
32296
11921
29221
28920
2936
31844
7843
18067
6543
7670
17984
26575
29758
33333
8304
3129
11139
3385
109
17955
25521
37591
32248
10424
27528
10532
34355
5851
3205
4459
16167
1881
3021
15929
37062
12171
14177
31584
32868
21557
11027
20242
4333
15056
22373
14479
23274
25625
4661
26614
32627
23573
29197
14732
15026
4062
20645
15411
36264
1660
39087
37127
36731
10822
32153
5599
21735
11942
17616
18693
7196
7031
14943
7197
6389
20219
27643
12614
1769
15757
6417
33389
10519
3087
29063
37710
14786
16464
10957
25745
5440
1237
8125
39519
5398
13812
23435
3390
17101
18511
4797
17028
17557
1771
17642
38629
39883
21972
14080
24381
21831
8397
18311
39806
16
26169
19567
36853
19195
4434
23342
39293
1493
31400
11474
32836
38751
15923
23482
21214
12592
14608
33725
1846
16659
10120
4824
22922
9865
32554
3865
31904
25395
31454
17707
18125
2822
12247
14663
5441
27702
1653
16818
33414
32101
12771
34716
3544
20638
23149
30954
28147
13575
24784
23392
33084
6345
14090
34730
26240
34306
14213
38501
8585
26046
12336
4871
25223
35833
18540
21693
4504
17860
17423
3727
16132
24677
37246
17080
11072
16946
8308
550
1350
13900
11490
18238
38671
33138
10073
27650
8841
7971
3283
15476
746
2622
3451
17546
10301
17485
25751
6049
2964
15200
19146
4875
31320
22174
7572
32297
8394
5876
8861
18062
26269
17842
2434
16886
38809
2671
19629
15333
39619
34273
15835
26481
34445
176
2918
10779
898
5364
30174
18896
1441
29394
14010
15495
10859
6482
21934
25943
14972
19437
12170
18613
27774
16380
19690
25290
19695
12291
11825
17147
17406
6052
19870
9916
24546
8147
14642
6159
8593
27291
38751
29049
19454
4881
19646
20227
12839
13362
12889
18876
29605
23858
28799
18903
20977
34697
13665
8090
17625
10478
38453
20194
36601
18639
11159
33341
22711
14831
17657
1414
13972
17448
9664
34807
16066
25914
3748
37129
30178
14047
33373
2778
4629
2690
33042
11972
19788
7396
14798
15234
24243
7913
25991
37224
6168
19118
16047
9922
35604
9196
17970
10492
9692
15035
14717
32075
39416
11393
19157
33673
21622
5091
1574
26133
28252
24216
37793
14031
1695
35670
18914
13081
31513
18525
31799
13622
29199
36905
14215
17534
1763
24672
25860
6468
23525
9272
192
14382
27910
13711
27260
2609
7475
22949
27849
9249
36647
30345
36437
856
11405
25442
32161
5499
12312
12813
30547
24131
27732
19897
37254
31643
39492
16355
34382
39782
25292
15328
39357
35144
16940
7735
17267
33010
7860
32483
9465
10345
22718
17865
9529
3988
8463
7112
15407
14242
6258
34517
14631
34801
8725
34644
37021
13585
24415
35963
2185
8199
24403
23416
11299
6042
9239
35627
2423
23703
4731
13502
11562
23648
16941
19727
32778
28408
22338
33152
17817
15894
11904
39557
27842
18179
14976
30295
18849
20820
25110
37759
10625
17502
13198
17094
18633
27900
28363
8688
15541
33639
25706
38500
35647
6694
16256
35587
19413
29510
23267
13820
6989
20260
13519
4938
23508
1298
38139
37533
9361
18782
3243
33336
10547
3852
27558
2094
10672
10861
38031
28463
37910
11810
37629
14494
3754
37160
5125
21140
16039
17966
25206
31249
14717
18092
1887
12136
9600
19034
17984
29331
1552
5277
32945
22832
20447
1682
28788
34903
31828
4831
21582
21144
14166
15212
15551
6752
11519
29324
10892
8650
13635
1389
34580
36371
28602
24855
3681
4528
2399
29232
7581
35156
6596
485
6223
34825
34725
22055
15401
14976
36747
3273
39636
28571
36499
4161
31187
9252
2932
34629
19849
8341
1558
35985
38940
7724
24519
10854
21842
32379
4611
7378
989
29531
21760
11594
16531
29890
29476
11621
38772
33614
13650
36119
19856
3912
10873
4254
13590
9383
18979
38231
7336
6390
8951
11814
7668
4184
28042
19455
5686
24048
11729
16481
3319
34497
1000
36351
23615
31692
14171
2531
314
29447
15407
8044
23967
3275
8553
18289
2278
16255
4178
9044
37508
15181
19528
32522
32179
21604
875
13508
34703
32442
6253
10219
8626
19674
7245
15575
17855
7103
37959
20673
39168
13598
6072
32642
37132
3795
31984
25511
34188
35247
12724
8524
8365
16462
23116
17279
27561
7945
19118
23560
16159
15651
38282
27567
5580
2933
15503
99
332
11343
5442
18188
2802
3325
34827
14968
7576
9681
15395
34870
9276
23712
7882
5852
2724
8817
26104
24714
873
12976
20033
12431
11462
39805
17652
8995
19947
34399
20863
28300
38560
12105
19126
36399
39979
3592
16619
15855
24460
39967
22511
13733
25355
37502
10969
12169
13311
7898
9327
27950
18193
13802
10670
6066
31821
32941
1393
20789
22261
7634
18810
9091
4980
16785
3353
36511
9532
2881
33399
19169
21788
9288
26724
30596
9930
36285
26642
388
13622
26596
3144
14905
2902
15380
1853
33387
26647
10317
881
31740
15815
20628
27470
1602
28402
4260
23835
2485
13747
17590
15871
18573
25387
31659
27412
37396
11427
8629
13093
4359
12934
12081
33170
30284
36371
12563
9271
20572
28075
21164
8916
23062
14861
2137
5378
4710
31212
7731
10865
23451
2535
27545
12124
38769
33541
30065
34081
20169
19387
7839
1060
3354
26702
26455
34739
34373
4120
16664
15511
22387
30687
35294
5340
39197
15140
9768
16616
30195
15757
39204
9159
25974
12744
708
19897
18310
28058
19550
12702
11055
20625
30890
13733
6189
9554
5853
6749
3873
36421
6512
17708
36730
20692
19992
27943
22861
10543
5286
21802
11652
3866
24642
7849
14512
359
10842
11265
2306
12827
31764
12477
29739
5426
32289
24126
216
1284
5645
3681
37966
7474
15341
35638
33377
3747
10451
34641
33450
17942
26054
1371
711
9479
31070
39434
3583
23181
34549
4965
17571
16933
21203
16242
35324
11297
15528
28368
8138
23526
416
26732
36381
35127
23082
25668
26105
11638
7122
3738
12476
30021
38987
36659
12501
329
33225
5566
5428
25193
11419
15632
32294
18922
25487
6027
9016
24775
27073
27111
33938
11287
37046
23248
26748
19489
5732
19333
27602
19519
11768
14616
8316
12851
10465
36426
19555
38973
11385
37304
9306
17041
2313
20439
8652
35780
5743
29427
36929
17385
10497
25977
14147
15877
13315
16836
23409
33004
12681
9754
39741
28505
23325
27012
22482
20714
17870
16264
38898
7341
2719
3425
26768
7066
15230
14721
8589
23982
14781
3835
28524
34412
9472
31924
5564
18176
8391
15355
4122
29133
9123
17752
17266
25872
3114
29110
26139
5253
22045
10846
9861
37172
18633
11697
33960
13953
32268
36906
13226
26459
13908
13965
7603
32942
19787
1
2468
17678
5019
14315
22253
14433
8429
1683
19978
34650
9518
9527
13074
33449
7315
14765
21981
11652
4131
25158
6217
33304
37985
7280
12647
36515
39922
16049
30266
17799
17312
16093
2920
19912
3239
10738
15622
12624
31593
31876
20411
19959
10892
18758
7745
7283
18615
13596
13331
17232
8168
7187
8416
31315
399
16405
7932
7640
20303
764
9351
13343
7018
22775
3388
19432
22820
28369
2214
25809
16532
4349
23887
36392
15176
8179
13325
18969
12969
15801
38950
18702
11983
35952
7178
2099
11982
15496
23308
3239
3045
14337
2048
20850
33530
2038
9095
12753
39842
14619
11332
7793
10535
22520
8982
25311
18831
24995
20286
5965
8331
26923
24315
15205
16283
8339
22475
537
23174
4396
13280
33742
30591
18698
2988
34043
39829
10620
3800
6257
21322
9791
18971
32816
22652
6809
15845
33796
34103
37738
21843
16156
37589
27432
21235
33234
1193
6483
24474
13603
30358
34850
33108
25076
8563
22318
6864
17190
28620
26619
22042
6398
25577
38521
19500
17869
22655
13041
27953
4697
24415
16332
25062
3302
12264
7662
22416
5445
23572
23142
27445
38
19161
13745
36774
247
23756
35032
28893
5501
27951
15801
4496
29030
30361
14727
5796
8656
29392
10252
7803
20645
34106
9986
22404
24387
30752
1495
5440
26444
4663
4888
2622
4850
10002
4064
3933
35677
26089
5912
19206
39291
7030
19661
9752
16882
24324
4609
29448
3882
16050
22337
19737
2455
38175
10552
36610
13471
33647
14490
30572
28797
10685
12146
2281
28448
2608
14549
31069
21190
2722
24805
34295
7353
15050
5295
6267
2213
19975
12245
22596
20668
27047
32527
5358
4433
9509
14733
8249
1307
25449
5061
16456
36313
17288
13790
6874
18038
9392
12321
82
4375
12857
10497
35328
33332
914
10926
38630
17775
6114
12827
12212
27688
12351
16515
15952
3295
31245
26781
24256
5125
32691
23821
1955
31221
15930
37656
2957
8082
7764
17794
9952
5581
29429
34647
1765
22438
6882
35283
28952
1446
23074
15601
6241
23000
3908
18765
15159
1181
28262
19123
20056
37148
9408
7876
28495
8005
15220
5052
9606
36302
7972
15118
20059
37722
14738
1628
33614
5882
3501
3388
548
30756
39881
19048
4927
8336
27047
10253
12204
26324
19522
28211
22789
28638
12154
30210
17489
34394
1723
39486
11761
17855
12776
15098
4263
12657
38317
26773
9620
2284
27842
3661
27162
26966
17646
7423
7114
5890
20444
3714
14372
4534
12059
28644
36432
30605
38670
24772
4357
3394
15613
5808
14773
12718
13563
16452
11095
7878
30088
3861
18398
16067
25757
7126
6379
2748
26171
16453
13195
10268
38075
28753
35503
9439
3033
260
11009
7842
37041
25903
14971
2046
27640
31495
14738
6536
11533
25383
444
9600
32862
13949
23621
15894
17314
2150
6853
7739
11323
948
34612
39345
16519
15304
4260
28156
31915
26627
4136
17160
36515
8155
7428
3525
6953
84
27397
36218
21381
38274
39854
34932
1043
9079
14562
25630
2431
20099
9701
16656
10513
36572
10717
28908
7431
14814
18577
4263
16707
18369
10874
31351
4468
12426
28303
21943
33431
13465
35233
34161
39611
37276
16490
10161
7328
30688
34170
35574
2808
5813
14552
16360
11373
31059
37218
13661
19381
30292
649
3692
38379
22548
6423
14342
7738
8642
13950
28298
30312
34210
25575
18560
26130
19299
4572
13798
30085
15833
25666
29165
29267
832
33989
5756
21695
28594
12940
14331
3362
28237
8842
21970
15686
2233
34907
18429
5555
7212
22962
26945
1240
4395
33916
13735
34103
18215
39798
37382
8062
15992
15572
16343
39422
1409
16623
7274
30645
10573
17018
16656
14818
8292
27505
24792
38722
9975
25004
1749
21753
18512
20962
12712
28648
31184
11049
1032
6957
16452
4373
11263
37350
12003
18106
33320
26041
37345
6249
8412
25419
11027
39427
6912
1910
22177
6412
29219
21788
37992
8672
31675
39145
32605
12940
22109
14540
15867
5499
32616
32684
7177
17790
24582
37297
11431
9711
24573
16350
37106
33067
9753
31022
11659
39822
1462
26088
16044
9773
16073
12671
19179
32762
2869
4505
37734
13311
3695
13886
4953
8747
15598
11722
19516
38487
30265
15661
5959
8045
31228
320
39770
17565
1705
23408
24251
8043
24529
14602
34222
22797
2969
1094
12267
31776
2832
38148
4362
8636
13682
4619
35812
4986
12911
11879
7475
12158
34885
19273
11927
39910
9588
13158
27373
337
4651
2502
7930
13933
23907
31336
16179
31732
34350
10513
32623
5770
36155
38062
4076
29339
27692
24731
22343
38577
11188
15281
1313
10635
22806
29456
32810
29439
29625
34673
5497
2441
25213
740
7790
13337
30372
1320
29442
35098
21734
26637
8132
5414
16724
18337
15062
19223
28373
36536
14863
20331
19572
1196
8422
993
15021
14925
2667
27817
35974
5965
19836
21957
10586
6489
19029
18183
17451
18971
26458
31541
8734
16209
11384
16043
29732
34620
13470
1806
13832
14689
10620
23847
11329
23345
9418
12247
17078
18665
26249
32450
16671
27433
7407
1923
23233
13901
8631
13794
23862
20078
12328
28820
32084
24049
9198
17151
6606
4593
21740
10934
5725
17684
10235
30853
35915
26746
25235
2039
471
15620
11899
6594
2556
12837
39133
33871
5308
13362
18844
37393
28152
37658
26385
16238
12670
18842
34150
9436
8479
17488
38669
4574
20355
13344
27973
6353
11297
11973
27621
3919
33276
4501
4893
17664
26620
33755
39894
6875
25452
23650
1349
38417
1563
1496
39240
4218
751
24741
3251
21219
13828
2312
8259
38125
33435
23365
31097
14579
7147
15685
24261
29082
10725
10932
8638
10580
18643
2452
3357
1202
10595
28442
22744
37506
38326
4763
4851
2415
14512
9226
15151
32860
35564
37008
35049
6605
17712
4725
16088
14603
21848
26654
20436
6196
28978
29472
12575
12103
24280
31820
26435
6961
28483
38929
15732
13522
17369
6943
5607
19542
7613
19522
31029
17503
6865
21444
5397
23542
24381
21542
9716
13677
2992
15111
12425
32523
13718
874
6452
22077
28507
9571
20792
2052
5602
956
14403
37611
13461
20954
33759
11765
20626
5048
38713
20398
7784
11452
385
14362
37774
9219
4058
6758
8353
14847
11678
15084
13860
12598
18883
34819
24858
34076
27922
36765
35461
33903
39939
9752
25577
23515
6549
26514
12048
14264
29771
39223
2018
11142
34304
22930
4072
28246
35473
4677
6711
13862
34252
5628
18871
16242
448
35433
16708
30962
5266
31066
27812
12211
12875
3422
7300
4870
6385
7423
14751
2037
6067
25503
5440
3647
1857
5392
2197
16310
292
38467
11700
32768
7969
33424
614
28528
22755
10151
27609
5851
16142
8436
13130
14166
29566
5565
2775
18674
35169
30574
18286
13773
8864
32252
31120
38336
31196
25339
27766
35236
3978
28560
35611
9747
14728
12436
33564
6428
37548
5435
29635
36990
29023
35185
20941
24465
15148
10368
1707
26241
8809
22413
30581
29389
20503
5127
3332
35370
17052
11547
32142
22561
8307
34260
15715
13706
29608
23540
13118
36612
23604
16624
34759
10755
10599
14819
3834
22093
5170
7686
36891
2879
34625
972
10744
5585
38712
21519
20538
17323
12528
17963
11134
7771
2689
19670
5529
33868
35554
17382
20771
16326
6427
4968
6832
15388
547
20907
39801
6729
1302
13370
641
5762
4281
23535
1175
2640
17351
37223
11007
7632
24545
4579
34639
7519
1735
29962
29375
26602
17791
32782
18205
38763
5501
19473
15978
17663
19276
15744
10860
29937
3855
11350
20206
6675
15961
4780
7106
37428
2559
28521
31808
17425
35632
25255
37942
29348
4922
10564
13365
28674
29336
12740
7705
35225
18613
20912
32276
10652
22221
16482
22955
24235
9172
14356
5782
14232
28401
16162
26984
12785
14951
27606
11458
15359
12911
24115
19615
18432
13671
13052
25482
13163
26954
23932
36598
16417
32866
15544
39111
33861
37599
7409
1784
37143
35762
31269
36765
36874
33454
31322
3469
15500
37952
32751
20022
15431
18452
22555
15595
32583
20341
2902
23942
19395
25284
39964
36410
14443
13910
3904
6593
4665
32729
9111
13090
3325
34410
3566
12540
15961
2026
15046
14822
34618
4112
6333
11817
22718
10808
13674
3277
13029
17307
25550
24952
4672
10690
7667
7381
21979
30830
15355
18191
17579
4063
28657
19645
36158
24891
14531
18904
35609
5397
15421
8170
29251
15480
14371
37453
4083
7880
14360
6062
17833
26368
4649
39751
38683
2994
20553
25475
8074
25571
28723
8299
22789
17519
29346
14816
17323
19120
19447
20275
36983
4528
32807
36427
34323
12409
523
21353
12696
10859
3742
26912
19367
18483
17863
7522
13023
29651
19038
5661
7459
4918
28265
20496
27552
32319
7544
25731
5061
7550
7396
13790
676
29820
32999
37466
9703
20429
1484
31733
25467
23665
18648
39933
25407
29745
58
26464
2491
21695
17034
29506
14732
1926
1332
3574
1958
3146
27862
36216
33664
661
24759
35349
13844
21367
7494
12121
8259
5922
32919
24730
35264
15409
5870
33494
13792
35723
20277
2126
2860
37561
23815
9634
18474
32331
22872
32271
15297
18756
23542
7160
9979
34121
1133
12377
31205
13479
11942
22188
23443
15920
4032
8746
39356
38176
24577
18663
11705
25859
8534
23874
17446
17545
28291
36302
4866
37314
13529
33365
20551
5411
18043
2038
2942
15129
15512
15603
15428
6782
740
18792
25393
18411
35422
21286
38314
33469
38783
38433
39381
5756
32006
18
30714
13488
8744
10405
4415
9156
18785
23405
27716
6106
11559
14643
4605
26963
18998
20387
13265
34992
16589
12872
24923
15
27117
15729
6131
9158
10691
20966
8953
16886
7873
8963
11460
16632
5758
7611
29181
6240
28687
1822
8342
29718
8118
12818
245
4957
22385
15067
22792
8891
6977
23991
28766
7153
16237
20635
22200
4935
14131
23816
27478
17729
8943
12230
15792
9701
28399
21399
16469
23958
37448
34360
29966
14265
3275
8432
18737
28429
38682
35945
5241
6683
4301
22550
15782
3818
7025
39463
28213
15475
20205
21033
27027
18097
13212
9694
3177
1468
13772
8555
37275
8637
30834
3101
37388
37666
28349
10745
36941
12404
22648
11508
2565
31747
27983
32974
20995
5609
15361
4153
16219
5651
20590
28852
8125
11032
32552
37398
12316
24071
8958
17092
11119
5264
24196
4302
13802
6413
26092
10012
35894
31832
4887
32912
28723
34422
886
31362
28415
9579
11825
17384
5180
21821
19280
19432
3522
28653
22816
19376
34052
7805
5650
39753
25575
34529
24439
9317
36031
382
23389
12387
35312
14973
7730
16668
8402
17063
8371
9663
8359
5829
33616
26921
34021
39847
6048
28831
26817
4805
34021
28082
11182
25431
21361
10020
38666
974
19999
33416
32503
12062
35455
35956
4585
32651
15838
20719
545
16574
7859
10642
36888
8048
17371
28858
32715
15449
4794
28581
23884
7412
30175
5018
6822
1311
22880
8093
20777
21825
8329
13344
22614
29539
33897
35892
19959
4630
676
37391
8006
3883
18440
36477
29261
16963
9736
29467
3922
1633
3622
15050
34355
3213
36307
11483
34398
23384
6025
14129
20435
11673
17979
30549
7647
16831
239
721
17151
31306
13944
20891
17283
4293
15232
6782
18561
30147
33258
35498
9385
19412
17395
23489
11482
1586
6736
5509
33836
34515
20972
25139
22952
11660
33669
16030
16863
21363
18659
20499
4163
39925
17748
22275
3054
626
22547
10785
10485
11649
31445
37456
11938
17082
361
2250
12570
34318
18767
14962
13793
20331
12208
4757
33575
25850
38032
7512
18891
568
20441
10739
9291
10658
12340
30169
36309
558
28591
11905
5514
6652
33082
16383
11481
31346
12228
31643
35534
8458
1104
29493
27524
37130
38473
24877
18489
17941
21140
10344
4178
9011
29668
23820
28233
6905
7869
17839
36021
31079
6627
16033
3866
15655
9405
38398
37631
9219
18951
13351
39956
7514
38747
19603
37257
32550
26239
14423
33122
34563
4939
25873
10627
27046
14209
10957
24512
18515
8336
27677
12839
17914
27933
21822
8322
1777
12933
16264
16242
22641
29203
2122
39169
656
18284
14922
14912
31632
28179
37812
39581
5565
9785
2240
6064
9215
17594
34375
15762
7683
31694
26749
28403
4139
26172
2787
9350
28287
20190
24115
34306
28993
37273
13086
17225
8788
15699
22567
14025
574
34983
18455
32743
33753
10151
17747
39917
905
8035
2878
39249
31459
22131
8933
4706
19968
24260
16065
28932
33452
12515
31352
12649
10141
20340
36155
39057
15376
28871
11790
33559
1955
13333
29619
35742
6805
22289
21414
38767
1918
24240
23803
33767
34669
13743
12093
24492
7489
39065
33595
1058
10270
8062
32615
12309
20522
26035
25901
13522
24636
32455
17306
24059
24302
17509
30418
5748
28611
35457
12469
671
19018
4323
22327
36091
21568
37755
15509
32543
32488
15731
10840
39969
36323
3792
7096
7485
19721
14589
30122
11934
26843
18054
32924
37603
19526
16015
14531
6371
29750
32603
17825
10854
27517
23122
10577
4468
11232
16060
4192
3648
30478
11046
16829
28405
31331
3292
12222
34495
1303
6003
2128
15139
8589
30760
25073
14642
17939
28516
12808
26792
19678
17926
13170
10536
9460
5569
25119
11263
12424
24515
18088
4901
36282
32440
21109
31371
29603
14592
2239
29975
34961
3822
27852
35492
20552
32982
18474
5061
22661
8683
18585
16509
19750
2382
32626
22292
5243
17197
25181
6058
32172
26763
10589
29732
21722
30351
20229
5870
22091
14576
33228
2474
642
28341
35127
2589
19771
35813
18506
16338
108
8287
39277
37140
1620
39144
14287
2731
15593
23058
15512
34486
33856
12023
39290
28599
1003
22177
13657
12567
19653
22897
19861
11102
14702
35175
27409
11330
3692
37351
27495
26313
14459
14462
6502
22543
6636
12574
33400
23792
35340
19247
29953
5614
37331
14065
38143
17966
4766
36552
13919
2391
25069
22938
3464
22960
13517
34360
1379
1882
27959
8344
9495
28683
1235
8950
4692
23161
32381
24691
16689
5800
31439
11796
17993
13615
16103
18835
6980
38880
10691
23644
19051
1955
14350
17025
21145
15628
11295
7042
12559
38142
20588
36660
25591
2290
34711
737
6147
8315
25565
12125
22647
27139
6074
21572
3398
35615
4363
4389
32221
9998
2264
2316
31403
15770
9729
27645
33856
381
20064
32951
780
38739
38540
25543
22639
15317
21859
3276
7019
7356
22160
19280
8293
35457
22155
431
16863
9712
8856
32332
31070
12639
28433
4074
12358
19765
2913
30405
38310
20509
28435
23643
30549
37926
16956
27569
35480
19465
34786
30478
4556
35725
27436
733
26560
16501
9133
36993
4827
37699
5557
33029
2050
7399
28852
17790
20727
15374
1335
4240
14455
37968
23156
6133
10466
29249
11872
5994
23810
27482
6915
4368
3100
38953
14980
36807
3977
585
36217
3904
22973
13792
18638
18230
23542
31034
32296
7375
35728
32467
5549
6589
38593
5238
25786
9510
13435
3369
12430
20995
18653
26130
5749
22963
10494
24671
20898
35402
15262
13159
10337
2968
36990
762
19504
37952
18962
25421
6840
32232
1973
16060
38244
11366
7902
24948
8328
17268
19488
13402
20916
31588
19025
34135
27126
31335
5615
15249
18900
4249
31745
31416
19675
5513
36722
19672
12582
5123
20551
2641
28125
34444
3793
9973
13387
4878
26823
6466
6040
37153
23140
11719
11507
31625
20759
13439
2935
11535
22060
7595
7047
22035
27035
14617
13876
17152
21355
29645
3167
21788
23861
37695
17691
34540
8901
14612
19743
4347
39656
7187
34930
31979
36622
5601
33526
6509
12921
21377
18482
14123
19815
4602
35666
13373
21940
36047
21480
9186
21832
4704
1040
15775
34482
389
11026
39525
5114
35396
34595
6329
11919
5424
13861
39083
12164
28915
24329
1672
4395
10241
12079
21373
5611
2602
26056
14161
7955
9035
24702
15733
25903
15051
36665
7614
9942
3918
11357
765
13665
37616
5712
12654
32622
2365
10366
16670
33667
8011
12484
698
16357
8942
18214
4125
32857
13056
38729
22121
16392
72
3518
33892
28867
2774
18457
14148
549
13246
34522
19550
38347
4290
16242
36058
33113
19593
33161
15004
35483
38612
1504
6647
27768
13653
5930
30662
4694
10725
5903
38661
3981
5082
21591
4239
34362
20141
1972
12399
37153
27812
12911
12407
3585
4342
25192
36669
26495
35601
22600
37957
455
5682
27362
14066
13425
26299
12811
21624
8433
15675
23304
7901
38349
8174
16623
8122
24634
33104
35564
17835
12957
5970
7895
4226
33007
10672
4495
34462
31244
4710
38066
17188
9991
10484
4831
7852
31141
10668
20226
6791
34014
22003
7032
9569
32097
12055
24747
25535
36231
9655
8988
8766
32806
13740
38151
31220
1222
359
4572
33014
13754
33760
16272
18232
35123
10902
38408
24679
343
3431
32897
6067
39377
6257
32254
36362
33661
23036
7524
23626
16839
6978
7630
999
23842
6064
16785
34133
22718
7560
25268
23356
10386
34531
16683
2483
39831
37637
27901
29451
33806
22775
39854
39781
32294
32868
18298
33655
734
16889
29896
17117
29393
11882
12502
1115
14349
24538
21649
1896
2489
17533
34701
20252
15034
36412
25479
15142
14531
12934
33672
26285
11559
11758
12435
7323
29749
26593
2900
30226
9655
20357
12559
13426
1064
23722
28169
2742
34558
25676
28832
10923
37200
7045
11795
7145
13649
15969
34725
35876
2305
5394
35238
10678
1699
14818
33637
17458
17330
25977
29137
15358
17422
17002
14570
23236
5359
27390
15821
4956
12333
33295
11645
8706
13351
6059
33376
16880
14072
3719
37259
4884
38899
6794
34626
15640
38362
33406
16493
9265
31648
6102
19227
1352
14882
5062
11632
5691
1943
11689
4217
16756
4554
25365
25399
10629
1025
10605
6152
28634
10946
10300
8222
8567
20522
2484
37153
7485
896
18912
9269
35586
34027
16062
29308
26582
16419
32849
31439
29204
13289
10979
21248
29015
16779
17978
30021
29287
5855
13209
3723
22812
24603
22912
24242
2748
31956
26391
22072
33881
1610
8423
8537
24539
3411
3367
27143
25772
20163
31573
21412
2662
18017
32709
7719
21780
23305
23608
10066
12650
23990
29788
31389
14865
3038
14153
14416
36360
22916
16269
31765
19651
11415
29761
15293
23095
13752
31634
29562
8735
38107
36268
27943
34270
22702
25871
35730
11072
15146
5064
6659
10423
27287
1035
32528
21080
36539
1415
36623
16678
29658
5807
2331
16983
32804
1646
13763
10581
39287
33815
11553
18778
6455
6102
31334
25345
11549
34761
37608
33271
16521
6439
34917
30460
15837
6598
8261
25597
29597
36386
17259
25798
969
25132
22565
5051
5445
33874
2828
14811
29733
14742
26394
24842
36701
20230
7005
1051
19323
8222
27165
25255
5191
29047
25061
5924
34651
27413
3744
9068
15105
15053
13676
25775
4304
5826
38157
8053
29708
8239
7921
6065
15981
15468
39626
6590
16211
38465
11459
5444
12754
21034
7629
8345
4944
11539
5942
2447
14187
21809
29097
31922
14136
21138
27136
28483
16983
13125
24342
7558
16023
24685
1398
31869
18024
7826
36987
13137
12143
24105
17306
14591
28222
37215
32891
13344
5572
12716
3614
7191
4325
28189
31336
13244
3696
9468
3025
9536
11305
19604
15273
5566
2289
6262
504
36750
8453
24840
26322
23471
20842
26358
5640
5702
36951
16715
33765
32253
14743
14838
31876
3437
21350
19158
21364
4445
22403
33996
23487
1275
22431
35031
31222
18703
38253
991
34352
8881
8215
14657
15774
5389
37631
34582
14665
13218
12423
18445
15030
34979
7299
2365
24113
14634
32496
19189
38935
32140
2875
14349
36364
11401
4114
23455
34862
16880
36601
7838
35419
8516
13478
32871
25584
1350
14499
8108
23684
33400
15311
4449
34272
29646
13786
1150
8893
6315
7415
2083
26275
3056
17151
5730
26532
31042
3538
13152
23198
8199
26286
12765
30214
5067
16438
35425
23790
1644
14101
19829
1101
19143
10067
8781
6342
31388
27974
16505
39546
18294
9401
30251
3473
34462
894
17209
26390
22650
8593
1868
25522
33305
27328
19960
19383
19819
20228
12036
34722
6041
2204
13240
5056
18418
6501
15680
63
38645
3436
24391
25659
37753
2251
10566
28582
15651
29805
34037
14085
5698
26417
7250
14587
18202
6441
17929
2042
6552
10544
3838
27512
17747
39234
15995
32681
37189
36314
34643
23954
31732
29706
33232
8229
6663
23633
6454
14333
2312
39540
22347
22931
36959
35230
20008
11873
14520
3579
27242
15652
39104
26965
13042
19043
34892
2531
34690
30945
14473
24409
7250
1936
21076
14636
9332
9335
21328
1065
3533
20892
11415
9649
19238
16085
34060
22662
7759
576
971
27345
26052
38548
2381
27757
4547
10326
8941
33030
2974
28378
978
22162
245
18764
31796
18687
34844
11431
18174
38819
17977
10339
17213
4859
17049
7571
3592
27842
7989
15814
24884
14290
16134
11249
18736
6018
2
8222
33569
24725
13051
1632
2042
24587
16385
6783
21039
17783
20779
30427
15901
18599
12548
409
29447
7827
31130
19935
39120
30313
12351
13963
22692
9832
8321
25384
23857
29469
19485
1934
10609
30762
16941
38344
16483
13556
23422
20414
640
23479
27211
32263
5217
5527
32635
1048
18481
37632
30495
14333
1102
18100
33843
39030
18383
16201
13073
25201
39458
14008
22655
8744
26308
15733
10947
10731
16184
27575
23112
507
1100
38380
26312
14391
29643
19551
9790
21738
31775
3760
24398
16893
32341
4166
15276
9745
15255
1159
5415
25817
13999
35569
3362
11353
24080
7104
33705
11250
26736
17606
17752
9652
9439
15622
22010
4424
28953
39476
31534
23693
3439
13739
5662
13969
6922
3963
27291
23451
1527
15564
13301
14559
3740
38393
16581
37590
38090
16920
6901
27904
15819
33255
2923
16452
9666
1932
12066
4148
8409
37099
34093
5869
17241
3440
22792
10968
14464
23315
30395
10047
17920
6049
9513
7642
30719
33742
34530
13888
31983
15364
9821
24475
9705
32672
19293
28482
19479
16567
8932
28849
33192
31571
34737
25717
25916
33763
29281
38957
35212
2330
11233
18375
38331
17208
12722
12825
34287
33721
24071
5570
28525
32564
8240
13869
21233
39640
21357
19874
8632
10560
9284
5726
7671
34806
12501
38538
24725
23913
12701
6973
26155
31718
30191
8532
19129
3730
13648
10280
10526
11555
11092
32980
34351
11340
17096
16530
31341
35036
38152
31440
24086
17495
12731
38738
30861
26436
31223
24717
25819
31626
16919
35935
39569
28793
16084
12149
38605
37710
14928
2307
17520
14571
3191
13535
34324
29456
15330
36400
31250
23345
10619
38055
36473
212
3993
25712
24030
6345
12612
4653
38119
4786
13079
771
36115
22742
37505
25849
2758
37212
20614
1159
36934
5193
649
14452
32565
30251
5657
32028
23933
37766
6015
9435
26515
31615
36492
11033
31556
22461
11132
22617
8460
2538
22593
13745
17476
5697
33470
32361
14850
13782
30170
9942
18281
7109
20691
24256
18751
15763
11611
21173
12631
8712
13968
15445
12487
24795
8612
28807
21776
32979
34345
24458
696
34468
37058
1536
13623
3239
24988
18021
3382
14077
37345
19239
12507
19397
15196
32379
12636
30608
27337
5196
34281
7597
23263
30753
38849
17755
22471
37753
7120
542
1515
12281
7916
10750
26354
12164
10201
12105
1712
33041
38740
1621
30676
17486
384
7387
22680
22969
35380
3849
31958
32944
37375
12664
18387
5762
12076
29499
18682
24194
30827
22835
26009
39945
30658
6424
20703
4456
38254
31875
18122
652
5942
5352
34604
34786
7342
15619
2833
11836
18512
22281
17330
33
34055
17344
11279
10769
17215
10517
16432
7166
25107
12966
33972
25346
15312
13868
2142
31898
15169
4122
4888
18229
2162
27651
36636
35063
5167
9609
2758
39741
27909
28805
21289
37680
20954
2041
7850
27801
3591
12599
13056
27563
33330
6539
9932
3028
30510
35181
1281
29222
24282
4909
22348
36061
19152
24712
38852
32990
37522
30766
17611
10629
22801
36528
33982
35204
38095
13852
3402
6513
22031
14404
36487
19569
27068
2277
10825
12790
6083
17451
35279
21407
12073
23263
28967
35223
6143
9571
458
22191
11122
9981
21609
30533
7962
25467
35079
33952
35742
355
28562
34653
32155
35517
28053
33019
1292
5923
17837
2580
1827
33509
35179
4164
12111
18819
22399
15529
6584
6134
4132
603
13889
10107
30637
1972
35084
18857
22712
16006
12463
10426
3545
6343
11743
22778
26880
2661
11753
4861
28973
5143
35855
4629
10016
24980
38850
5888
8911
14970
5855
33870
845
24280
24421
4159
31964
38245
24
28122
31721
20044
12160
34548
39903
38928
33848
3820
986
14524
13953
39751
10845
27822
8355
34352
18153
7530
28839
11366
8619
17692
33729
36732
6985
15767
22218
4771
14202
15367
16551
20513
27581
17596
14603
12542
19612
6667
16730
13307
11727
17896
15292
9413
37225
8437
4881
23705
12356
8080
26851
1439
13244
8893
4301
25693
38521
25874
25683
36383
5441
22544
2677
2635
34543
6476
32892
7582
31824
683
34014
31160
34015
4522
7786
22543
27674
29161
14189
5932
6222
25325
26666
24479
24358
36149
13882
25734
36372
1982
35154
10193
36585
1987
13965
28051
32254
5902
22773
2469
30197
5978
15369
36557
27826
39599
33086
13912
37585
24153
38053
32592
28341
26733
12437
14337
8350
18251
8858
7555
3458
9370
5887
13982
15858
22923
20282
39515
30466
39727
31111
28859
10046
4496
27380
7831
14383
33615
753
28215
22979
4756
35055
1593
32947
3796
9635
27790
14418
8569
14329
8708
25465
17050
11909
24642
607
21247
37853
29030
15712
8086
9812
17801
20298
30726
36143
26222
12495
6031
37771
32893
28561
39367
4947
15454
18909
6746
16962
4049
13063
14438
37783
14537
12720
31877
23344
29259
35838
19232
6084
10142
30338
35580
6565
37041
11916
28625
32302
23743
32008
35914
33432
38869
29161
2024
5840
13649
17191
12136
11805
4864
13669
24809
23607
22556
20278
2542
12574
3643
28799
9414
7311
35300
11691
39545
9923
27252
9110
15229
39937
11668
19286
28886
15341
6458
26281
10493
37532
14369
9520
10177
34184
8153
34789
7111
569
14638
15931
14483
17431
28716
8982
14570
4890
14014
11123
5811
6167
35268
27253
17040
4431
16011
24372
8828
31602
7952
22539
7842
31192
37421
39938
10651
14356
37408
15779
524
11785
36126
14475
1757
21531
30742
29568
11682
7250
16660
28442
16577
21910
8942
13118
1876
2237
10743
82
24452
35180
23426
4266
5582
34437
17229
8692
11591
39603
39545
5151
12352
3407
25312
19916
5523
12721
13869
9405
34558
38198
29644
13547
36134
24991
26355
5095
2559
32903
929
14106
4744
31529
25613
23656
17850
14326
23408
27911
10298
5027
37445
37808
4607
32432
4086
10642
5753
14935
34376
9524
30176
14239
19805
6835
2652
22566
4441
36181
34540
31780
18901
8845
10180
22972
35172
25127
11590
5257
33371
29951
21469
2687
2084
13581
5432
32709
35777
39840
5821
15200
20248
37030
305
23623
9793
13125
31946
21482
1790
29321
34435
108
3059
29210
35189
1557
19279
17220
22065
29632
22694
14409
16178
6314
5802
19618
6618
14256
28645
2943
17450
3522
33087
11479
26636
4676
35532
34743
14954
23050
37177
39709
19225
1983
36413
2951
36284
8239
11625
3985
2982
33623
16174
14560
12286
6295
28335
29772
24733
38884
36926
8122
35179
1921
11350
8300
18467
8547
27669
26390
9729
8932
109
16071
20537
20650
8251
16363
13995
24497
15027
28940
14422
14284
22244
18649
1707
33765
21187
18038
607
23579
8568
14114
7015
37814
1795
35849
1411
10001
3625
4622
31725
7139
24613
38229
34270
26854
26190
23852
38036
22528
29599
11311
11428
4112
10189
39695
14772
4203
12361
18630
8401
13973
12767
27299
16160
17995
2617
29208
35931
25702
21070
35084
37443
18629
35943
22804
21591
12433
28392
12377
2974
12995
38406
22613
20725
6112
285
37921
13595
39321
541
147
12087
20302
9870
151
7068
8218
12392
26062
23431
19129
13579
14144
16326
12206
32545
3980
39380
18966
650
27066
15162
37855
34031
15534
23587
25815
21801
11338
12334
39188
7357
19541
23463
453
9324
21489
21170
17383
2253
15922
17169
1683
12944
38101
12082
29344
17966
36962
14203
19300
32146
3182
17962
29013
32413
9639
33152
4970
7178
35621
37026
3175
33677
28974
22243
17838
7341
18052
14835
16518
26961
8328
18239
10019
23017
28261
8369
10691
24737
27904
5791
10669
17402
16997
7936
14505
11642
16292
18817
10838
10942
16621
32402
17555
12117
12958
24436
38480
35378
10904
10210
37603
4628
5528
6543
36161
24113
10282
1671
11028
36344
36107
31645
15882
34142
4130
8953
35750
14585
4565
5519
18497
28352
26551
23236
16919
37180
7886
18293
12247
532
3860
5099
21220
18186
36370
39368
11560
23585
37202
16308
17425
14054
7272
39229
39385
33374
28531
12818
28636
18709
25592
36143
23677
8859
2054
19160
7513
37517
32235
28549
38504
5759
12589
6996
34279
4023
28676
18183
8902
29482
12265
20774
27887
9150
8704
3642
23394
20088
15937
27280
7268
418
1694
16755
26062
31692
10508
26468
18720
21448
37716
11160
32886
24629
18303
19870
37353
952
19622
17842
39972
34284
8332
38312
2352
23445
18622
17382
23472
9224
33508
16589
3147
19302
3722
3922
14610
17981
14510
25009
35184
6610
10840
10664
27229
6317
1605
29471
17098
16777
39717
11852
6323
11434
4071
23047
16697
38228
32291
3290
12969
9366
22671
10425
11898
28310
28298
30438
36825
18109
34090
32807
21498
38695
25101
11278
29338
18380
39378
26375
16505
19167
24471
3493
21739
26667
4649
4313
17064
12804
1361
10148
16598
7566
39055
12980
25519
362
23916
37095
30081
4589
27584
7002
32808
35605
23073
29748
20393
26264
34180
12740
9958
34163
2985
24764
27032
38319
23632
1042
16634
423
16629
5782
32893
15686
25524
29613
7548
33803
19309
26202
15382
33763
11672
12247
7820
8898
15727
8614
36909
19029
16613
8970
36233
12301
13622
35179
4828
3702
38151
10570
24955
19755
27165
30789
4498
25698
10620
11726
9932
27833
7799
21741
32484
16940
12079
23910
24927
26758
38638
11482
23459
12544
35553
13461
39963
39423
13567
165
14368
7012
29070
22788
7299
4556
39075
27508
20723
36152
331
23422
9919
23794
2292
324
16272
4488
11967
5505
35377
6356
18284
26993
9783
13018
19819
25520
23795
20861
38612
15923
14293
5367
33802
17515
7153
10439
38219
6055
7976
6941
28334
28373
23079
33472
15502
38481
21449
13352
627
33655
15477
27063
14718
3774
36978
14561
35349
14740
14475
3651
23828
2338
9276
22942
4055
220
4223
25521
13655
13338
16634
25224
17757
3527
33825
16421
4242
34574
5614
22629
37928
29738
5547
22047
5913
36295
37142
11662
8649
6544
14131
8679
2485
28120
18665
16140
35733
8824
4338
21822
18570
5642
1326
26152
12080
23833
3742
1302
29647
12852
34809
36422
4786
3155
12916
9765
366
1662
39352
34926
16263
38743
8401
8175
11311
10732
19934
39308
39450
39705
13809
32789
9601
16152
21664
16689
1511
35155
33870
33723
1284
22529
36607
23695
13996
10905
38703
19241
39816
19798
42
8395
25321
9768
35413
11336
1361
6175
30587
18272
5148
33178
923
22854
30046
23099
15223
27432
3286
3835
19491
6209
33602
39322
39610
6171
3044
14068
38313
36623
30333
6783
33918
38863
27320
30896
6649
4821
36455
34722
33621
11078
15412
35993
37767
26910
2461
11464
6778
7350
18024
34289
33703
14671
31498
28745
28485
33406
11373
23293
33349
29246
36751
11320
8430
29409
7186
1831
31315
14263
1740
843
34778
12955
5348
32972
36664
5501
28173
20549
37361
1539
30486
37014
18392
1576
5967
590
14149
25044
10312
28730
23896
33192
38634
14170
31664
36947
3166
29126
4593
11915
1496
13969
4447
14657
1576
9039
5408
9333
19488
29654
7471
7081
24475
2251
18874
35109
32066
10781
8422
11787
24776
23293
9822
17833
20377
32329
9292
14710
26761
10693
26062
27316
11672
11234
25379
14382
35656
17853
20409
24007
28306
27197
4729
2416
19601
4752
14639
31599
32486
17084
30475
16069
7039
23372
8705
32163
8935
6231
19360
2384
16585
25421
15310
17236
8261
3819
27903
23692
16577
24187
5946
27416
28014
8551
21459
29066
14410
15125
4605
18947
24688
30982
25617
7530
5531
4471
11887
37244
1740
330
16458
26657
19083
37427
14619
24446
7773
19360
7864
35136
19550
11812
21179
33998
8374
14916
8244
6839
36266
14006
14291
37176
36181
6199
5832
25162
39412
33093
29395
37269
29512
22714
28149
5582
34970
17323
26238
8642
7256
16042
25512
10907
7006
35830
4839
11851
23411
21630
18391
6465
34112
1492
37567
16039
15883
407
9296
16775
28457
35679
12168
30861
3300
22557
27412
6624
4002
9107
9736
24732
24582
9053
18575
3328
401
38206
13024
16651
2542
20892
20401
27953
15706
9670
24191
18089
32338
4528
27661
14711
2715
17903
4956
12304
7234
12143
2815
15498
34772
33442
23431
32315
1112
18213
17482
38099
14145
9033
37035
12549
11482
18875
10681
32037
32175
16750
12447
13283
12304
21092
9906
25563
17299
16472
19749
26048
11050
17094
29367
1996
20224
18632
3697
5730
21147
16405
471
37328
37069
12399
17443
1427
14554
29069
4939
31449
7616
33626
27976
28981
32187
17441
32258
37512
31177
26771
24308
4371
13869
12612
13716
31161
17681
13845
31344
2874
3657
23423
12480
16276
36262
32121
6621
28944
8548
18483
9875
21735
13068
34548
32541
29013
15939
19946
12994
14802
8886
37791
15090
37576
27460
19224
24001
27799
22748
27815
20293
8751
18296
9438
12649
27160
32896
17921
29196
21622
16363
6542
19295
15124
18141
35233
39834
1804
949
8536
30468
34742
9125
5510
39630
2307
10642
25279
7070
19573
24923
24115
4667
4289
11385
9951
25355
8375
34425
13824
12160
30353
35384
11057
28996
23623
33542
1278
26969
28129
20350
28602
14163
116
15131
6177
16672
5240
28789
4307
13542
1830
24621
25692
1628
3591
39889
15020
6681
27374
7954
33233
22489
35892
17766
32771
34239
36048
14173
20804
14853
31671
15792
30476
14036
15599
36511
38161
32398
16939
29689
34810
14815
31696
1241
20064
11899
29334
27125
25477
26435
23970
20208
4284
7302
34062
36170
25852
13861
34909
27231
29064
32358
13762
15714
36729
26852
24077
828
38379
32671
18597
15942
16961
18105
23294
37246
12937
31112
9657
15157
14756
18086
16062
39503
7796
29503
3035
33285
16062
4338
6010
14149
20224
27151
17952
11220
5314
19999
3463
29355
34458
6877
29790
12561
394
15557
33068
12577
36793
30629
17746
3805
9292
705
24697
9269
22330
10862
21788
33320
360
32117
18185
11627
7894
4496
12602
32583
18590
27459
21539
6754
19501
10563
16578
5246
11527
12335
15171
12019
9224
25636
3850
4485
13343
24589
21359
6556
632
29669
19139
10183
33522
6892
19898
20372
16723
6317
3611
15188
29781
25529
16010
36725
25462
35078
24212
7434
8474
3453
39049
24209
19316
16638
32422
2964
13133
27828
6908
8858
27648
11450
23465
27668
23753
26178
10871
15424
38444
8779
6783
14343
15871
15042
8329
16477
10706
35521
13453
3517
6588
31483
13581
21727
39012
32064
16742
1196
6873
34482
18579
16114
35050
9324
11682
26724
18385
34779
27281
32362
39984
33926
14868
3804
4512
30053
34888
18722
35853
26856
10764
38719
18710
18744
5192
16421
17483
37660
33290
23183
7592
23153
4726
10632
35703
26819
30474
11
12789
19783
32892
13312
31453
17673
34655
7885
3782
6751
24503
28945
29420
5938
35783
10601
24693
10375
16570
26893
18121
29747
25656
14650
16461
16903
21675
14675
12056
23782
33677
5759
16492
18625
33511
33322
3268
6921
6443
29833
6961
18112
36806
29992
39780
25732
27126
32332
16017
12587
14655
31481
34433
7283
1451
5203
8518
27064
17285
14553
30535
36324
7425
21462
27675
7842
35656
34347
34167
19257
35391
37480
18338
18477
27650
39869
36531
1276
3294
15565
18220
24756
9247
27449
22253
14555
9120
19734
15373
28455
6753
13504
2389
7343
26812
32130
29059
34249
12848
19930
23177
18103
419
23763
12189
1932
38119
22469
8629
32715
16535
17833
22435
19609
38519
1835
36713
29985
4784
29752
307
19393
24518
8866
2815
37495
29337
1022
15912
28881
16474
11947
1602
36211
15871
12005
4805
18867
3723
14242
35328
1139
30012
2571
21772
3384
36838
24763
24096
31041
36822
17225
6260
36607
19005
5762
39534
39785
7068
16416
24517
10421
25727
6666
10932
15060
1582
20296
8508
21453
25110
12774
1433
17445
6267
31499
2960
8433
17383
33544
3117
2766
9961
14920
19619
35500
12141
13362
25185
1665
4995
17059
21931
16801
28349
1508
34106
33940
9003
26751
19686
6489
31582
10792
16589
1525
24272
17771
3362
4505
38756
35347
3092
4720
37434
11225
13388
32732
39148
7213
33119
5764
18376
649
14219
7259
12594
14240
23033
8811
25941
34064
38073
15492
25842
6183
6649
17440
31453
5203
38626
9531
37900
19350
2387
38297
2662
27951
3304
4809
26149
14544
1371
2885
2553
36135
37478
14874
6696
16059
24633
15793
6778
9292
19913
5632
16596
15202
6863
4501
37242
28564
15332
8474
36945
23213
24442
21862
23563
38383
33630
22622
21773
14956
22154
12763
27269
10531
11787
5733
20854
14778
8341
21160
34849
31119
15213
22947
2491
13361
1594
7686
14560
7136
8941
349
3248
36183
22739
26583
12457
13428
24291
32719
14391
15322
15844
24231
3470
36599
6552
9593
27279
26346
27286
26000
17012
15883
3729
33130
3280
14188
26711
36786
185
35787
33809
18401
34526
30736
18365
31783
8758
22050
15482
2284
15238
4927
24289
11181
22790
5909
14309
5899
3681
17458
22068
7548
33051
4968
12595
9725
2496
4869
19603
857
23081
4970
8162
34714
29301
23825
15853
14649
5341
30751
35591
17046
11885
19525
15324
25450
34418
33472
33721
6726
21702
35905
36471
9140
31052
25137
35307
15951
24073
9083
8034
6491
4018
1063
13094
2473
30352
37116
26144
6468
17220
9590
13635
449
14755
33143
15254
16420
11440
17484
13568
23449
9744
32119
24339
1786
37204
39482
133
15686
34657
10213
19955
14336
4282
39213
9124
15941
2787
10222
34316
8291
37690
2422
37573
13140
19484
4178
9275
30909
21331
26510
20335
18661
25265
21540
8005
12739
25013
21675
3842
14371
11283
9678
15178
20311
3728
36310
14455
4893
5439
25801
20744
39743
24870
9897
24041
4667
35009
27355
17872
25423
21229
25918
19666
4565
39459
18357
32774
15938
18559
18896
16578
27772
17097
39625
14975
36942
20787
14791
9895
23606
237
26018
34542
4273
18533
7013
17799
11232
7289
14078
15531
9970
18479
22671
16293
26037
8773
4264
26417
27762
15267
4257
27213
16994
38307
21579
3362
23560
36777
34999
27476
21375
8834
21152
37883
23752
5495
31520
14183
16858
23439
25597
21551
16137
5592
33935
24131
16383
19222
13300
5461
27772
33846
6556
35775
1910
4115
9005
17228
18575
15982
25520
23725
10949
7219
21421
37821
10945
22531
27489
26688
19642
37165
29739
3502
25590
26380
6568
2757
65
4271
37227
29602
21323
17769
39857
1862
13818
30505
28412
33381
12722
7398
15805
13063
17644
8527
12681
30735
19033
25722
24091
3524
17583
29790
24562
2233
18687
20603
17503
664
31573
12842
15713
15549
22623
12178
22427
7491
1323
38260
26968
21336
5157
28662
15007
37906
29891
9612
25967
22650
12437
32052
18343
4834
23189
6751
10568
7864
14194
35137
27943
33912
30375
37346
14147
28181
11910
13389
38892
25085
17889
4162
19388
2360
13581
981
30314
24494
11522
31218
36588
37997
1792
4021
47
27109
1307
31671
7894
19584
4691
22765
30845
25643
612
18972
37
5566
26376
11619
6195
17145
36156
15532
17699
6738
24022
14572
17651
11762
1541
20694
20392
2796
20415
38725
9051
35603
17957
22931
17745
660
2693
17063
20221
5171
14523
6192
15230
2763
2944
3121
32413
25719
7569
32762
33064
7338
14173
15170
26856
15059
34397
24922
13147
27884
5609
36980
21883
52
24970
11135
2413
15142
17331
1149
23358
9413
17503
4509
13108
3661
19580
27123
29091
4101
2646
33704
2365
17708
28966
18120
25336
7163
24411
33684
9667
22673
29477
9834
15291
13356
24342
6694
18020
11731
11822
10073
38778
18982
18546
353
17327
33781
20733
37751
11682
28534
4252
18639
31302
10156
8003
13354
2887
27915
13816
28645
10820
3437
11815
13562
9765
22053
19100
15602
3826
2581
1422
5363
36631
18285
5342
16292
18535
12576
18305
34321
36170
26384
7660
19702
16790
20238
28976
25736
24271
10774
26796
31200
35303
6480
27853
39927
33391
24544
10094
7439
8411
29322
29001
9168
5240
540
37088
37573
13787
24277
24041
6090
29023
4814
2484
26619
10272
25317
38093
7492
1165
24532
21472
6832
5222
20557
39350
13394
4117
6299
33593
12769
6398
26033
14334
11921
1425
11102
33837
18883
5119
4982
11547
22391
3082
15775
26531
36720
23126
34204
16463
7537
8951
31514
5069
16300
19997
36074
31882
32044
39707
9178
14082
15401
24500
7457
21940
16481
6287
16633
5093
26464
28677
16262
8262
15432
11285
14489
15695
626
33435
39664
6314
3028
7905
34200
21404
26572
28343
17685
4102
2235
14401
27642
3172
23033
29556
29218
11588
17951
38725
2024
13700
28377
625
17234
4834
8582
5815
2431
1773
6495
10152
144
5230
20826
19969
37801
18545
14544
6111
16821
13492
1712
17420
22325
16265
2079
14626
15830
15807
16817
29659
8751
21951
672
16905
28103
7368
13226
7213
10301
7478
36946
29868
11355
13426
605
5573
32695
6783
23650
33147
7480
39732
19917
10032
10816
36614
11519
2058
31412
15458
67
20181
12155
12599
29499
20937
6015
27744
33338
3236
37568
31282
32858
11770
35471
31089
24694
5734
1212
7010
4079
28230
19633
26547
27581
20017
15749
2591
1746
25022
17809
37997
27306
11810
17514
22941
12841
15340
28900
33520
2567
19132
15159
6091
15503
38460
32141
5722
37585
7005
3341
6769
33901
1631
17372
31381
7237
25661
7379
33371
4860
17843
14343
33423
24590
11369
23
30592
27148
15308
19022
25219
27322
26438
1551
28329
24642
13716
25764
5596
5902
17171
28630
17724
24651
1758
15234
17383
39417
24204
1760
16201
26388
26528
38121
19855
1430
10811
26469
287
12112
35889
12006
31531
14381
23528
7417
37242
26647
39779
31959
21390
3249
13692
39353
21740
11018
2993
14131
33618
5152
18514
8101
2713
25780
1990
17118
22899
8207
18158
31888
39477
4501
37320
5466
16062
29745
10415
22843
5418
24340
18138
18512
221
11058
5963
36834
787
4437
13652
31357
19529
13172
26123
5266
13931
10755
33936
3949
1619
23736
25209
3588
38126
6049
23840
16692
19203
19635
24619
38330
14455
19223
6007
20555
18550
1214
31536
14216
1895
519
26170
1032
17785
6631
9535
37699
2061
17457
27342
19599
22162
23450
34457
5187
8633
6597
599
36236
5476
26448
37400
39222
1242
7001
17434
36165
7190
14815
14227
11925
3303
34190
6723
31743
13744
29279
5026
24801
8641
17829
14061
23339
38744
31582
26848
5658
28140
18981
38163
12981
6053
14853
495
17662
37735
15511
16442
27222
26374
2263
6839
23729
37687
3299
17550
19443
7318
10410
10755
10615
37422
27868
17571
34965
6393
39352
18620
35554
37249
24627
11879
39213
581
7834
14360
23811
19190
7452
7518
26354
12852
6942
6718
7081
15333
23789
16443
33658
4746
5143
5099
21152
13150
5423
24768
29917
21595
3154
10732
3545
4054
29135
26649
28299
13374
34072
20861
9187
4396
4174
8777
37603
35796
1508
2245
12971
4805
28408
16195
3015
11865
19314
27445
5763
23417
8564
5559
1683
31877
1749
17598
6251
39791
17737
10141
27456
24232
26607
17591
26285
35557
4024
34491
14774
26971
10359
14748
35549
14824
15427
11933
6435
977
17055
4998
28510
6073
20325
5354
32181
5773
21022
25377
10336
13811
4197
22195
3935
5451
27661
16843
4912
25549
4592
7011
35552
34326
33012
32501
20912
26345
28753
24834
15138
35542
37093
28762
24351
5986
10605
15124
15384
18572
1696
3516
22431
29268
32724
13851
2674
4734
9759
2351
32972
3349
13089
32749
34390
8793
13229
5972
4651
34709
7992
8472
15048
39361
32362
38283
13527
35899
16167
18803
2869
32468
11536
34788
36438
39772
38024
6005
11758
39227
28051
18782
32325
11084
31331
1577
30081
31300
20240
24430
8259
10438
13912
39321
18311
22101
8002
17995
32686
11597
34680
35251
24839
10804
2000
10956
17291
19501
4051
5241
25055
7637
12489
13105
31087
8401
26217
14651
28099
37249
13084
24410
26566
30013
19101
13843
1951
23520
8573
19411
27505
9815
11971
24977
33944
4240
27389
8452
7573
18628
14227
4595
25166
22531
14158
24402
16254
13670
26894
13785
14904
12657
9002
10402
11123
9665
8614
6384
21631
34423
8395
27281
4191
7008
10235
2183
39659
38886
29297
29363
31429
8187
31421
11745
13359
18849
23551
38273
13352
10991
19559
1477
34035
14859
21329
9655
38453
9007
31953
27974
4862
18503
15656
23125
28608
24039
19472
5531
37361
28659
27203
10670
15557
17722
949
37625
3135
25571
1360
22893
8142
35785
36984
39841
22283
12919
22372
4147
27490
7143
32439
24706
38844
6791
16554
5669
2585
27663
15231
17251
34427
31761
39694
4009
39149
23219
25172
26721
25612
12415
4421
38003
22468
17173
17751
19924
10844
21434
36111
14385
13935
25349
16085
29327
851
10119
9352
15245
1855
37273
5466
5503
17116
8499
35578
16417
26832
12994
9567
7132
16083
32241
38715
27851
20661
7367
25161
31817
1886
13443
3451
10969
14391
30113
33366
20280
10981
4432
38659
16512
38667
20212
34918
9012
34245
69
35919
36560
8541
12172
10767
10349
12992
18742
22695
35440
13320
21303
1059
27480
2492
5907
7814
32443
18432
27662
1875
15738
12752
3289
24238
9279
16889
9831
10561
5947
8546
9571
8847
28241
29289
15492
32500
17572
38133
22834
11015
19568
14572
35452
9645
22984
39423
4885
338
18326
915
9380
3639
34251
28748
38695
16281
21985
25238
34016
4057
5137
11605
2055
15551
2632
32285
6003
34205
37232
16713
10440
2022
19413
39826
15426
38655
5109
15668
38320
8925
29453
20793
4582
27238
36196
25250
9090
2730
13605
37936
513
24958
32370
15183
3170
32285
3872
31814
24381
3526
21585
36463
30658
14262
25950
39475
6362
29589
17818
16930
14122
13915
18947
21907
15668
21781
8604
9334
2128
17282
38509
19616
4939
9121
24033
8127
27687
24081
27919
9378
35476
4488
31352
39629
462
15671
46
16116
17263
4275
12679
19736
14328
5622
23666
19692
12621
6795
3362
27335
8312
6073
30653
9561
4365
23579
9461
38273
8460
38943
29161
18191
6403
3408
28548
10459
8835
19472
23673
29063
17642
10458
25702
28844
18385
7035
19916
25524
25146
23472
21426
25429
1331
14839
3176
4457
4229
16594
35611
36757
14119
32335
26772
13953
35985
19893
943
37254
16461
34936
35779
8856
15944
849
5171
38548
4724
14655
11012
31677
2618
16133
38050
2952
14779
6611
22161
6824
23553
18879
30179
12639
5598
27255
23926
457
17501
21551
2500
1656
12462
13977
26927
5883
22223
13572
5984
8998
5893
23745
19111
6355
2860
29492
17931
2163
33500
1040
11903
22671
5692
29641
5357
24499
30530
33482
26523
35954
17523
1809
16815
33655
32097
14173
31382
25825
10191
22409
7143
30022
32330
15840
11132
5103
13906
17587
6125
124
21370
11643
1713
24946
14098
21534
34421
21622
8343
23849
25981
23005
16862
30839
39555
9219
14352
38257
198
27935
32679
34535
4769
17168
8377
32278
4816
7577
34837
33786
8216
8338
36649
36407
22599
37938
26410
10915
13014
12499
31673
16061
4546
8135
21586
13562
33083
19229
36621
22673
14724
35669
1394
13013
33991
5835
9924
15042
29395
2262
25896
19155
22253
71
10151
16586
2911
10264
18164
8449
25916
18632
18942
22972
1129
2960
22412
25962
5836
1019
39016
33499
10201
26919
12352
1972
1531
13206
15603
36995
14655
5553
29128
8603
33409
35571
17705
27858
318
33797
33694
14340
22301
21472
16974
18535
3248
31867
27465
19618
5461
32434
38045
35304
24879
9116
8512
30446
24349
22142
39576
38825
31780
26132
36232
2646
29631
722
3685
7520
37113
36452
11767
39762
15289
529
12953
39821
39191
22222
30510
30131
26225
15854
21203
14911
17575
23066
25835
31394
6757
13352
5445
34831
17152
32249
19439
16560
16324
847
2245
12205
27205
29777
38875
16391
36784
4487
17973
27481
11457
15773
14549
27843
15807
12566
34352
26605
20447
7672
16545
23808
29954
3760
5079
7029
36993
10433
34219
24594
37781
11447
37192
9167
6460
4007
30012
5432
28212
36441
23604
8812
36865
16311
8919
25055
3523
11252
13502
11386
19384
9317
23575
21160
15962
21135
7166
4068
28669
34811
14991
5199
13985
13675
18065
26715
1621
19471
1764
37457
1124
31853
17618
39161
32475
807
3911
19429
36762
19240
36008
11323
15957
5563
33848
37762
37647
35941
23657
15305
26762
18006
5204
15016
34972
9359
35748
21866
11233
5265
3419
4672
3075
32656
11232
30863
27294
35783
22609
23135
6502
20549
2275
27910
19846
28662
7383
14558
5934
33851
39738
9665
15190
14020
11668
12809
23543
14465
21169
12081
18392
34684
30742
1303
27270
24744
31655
16430
6055
16319
6604
18078
32639
1539
16273
14932
37864
39559
33623
17985
5668
36737
12860
17383
6881
23610
17009
35865
16543
34873
17935
28345
22576
28772
35887
3581
9822
27765
3197
2309
31684
707
27516
35493
16035
16985
31369
30593
3741
1464
4068
14525
365
1816
17751
18665
16873
12492
3026
3068
18662
16022
27535
39634
36891
37386
3205
36445
8926
8077
36860
36542
10374
16026
7835
35535
3293
29224
13754
1999
36770
26615
14321
36244
28179
3112
16272
5766
16726
28707
36993
32698
22986
9534
22934
33471
19249
36040
10407
11269
22657
17159
29808
21266
32259
3089
16485
37500
18660
152
38830
17224
5532
20350
1289
1695
5361
20729
9738
36494
14438
2922
18381
1220
3836
37653
2552
3494
25479
3376
13744
1436
29703
21017
30418
5686
6011
34440
27404
491
14005
21053
38507
11623
11127
25232
11389
39901
23879
19872
31651
29464
32431
7682
22060
26508
12685
21835
28085
36775
23699
14809
7272
38291
35446
14897
23262
1862
23735
14442
32115
5822
29625
2359
36865
3848
31232
35952
25542
33022
7831
26495
38359
29928
19582
23177
32917
39785
25404
2302
3871
24978
7446
20657
4679
39376
34006
24796
10209
17357
33247
16876
21592
5006
14500
15603
25411
9359
27963
37639
5122
31659
8025
24698
29798
1963
12821
18725
25233
10555
2393
12587
4032
22632
20742
23301
1754
10809
15682
37378
29663
37638
16748
31143
36996
14511
14253
23558
33242
30714
11877
32740
15332
2361
24601
8835
6459
9488
6679
18367
9705
11643
10928
38448
25869
22453
5965
35539
20615
8869
12778
31562
29998
11986
5814
12106
13649
23649
17067
5315
5521
28723
7375
36956
33330
462
18064
9522
17929
387
39474
33748
34431
29572
10174
9823
7727
22191
31986
18539
12558
15483
9617
12228
19071
35508
14981
34276
21734
32396
18731
4539
5794
8587
25243
35273
4338
15821
39243
34133
20035
34608
10205
20401
33849
30478
3352
10975
37917
23984
26764
25209
30263
7095
25358
19648
16766
15330
29717
37701
28691
24096
13316
38344
20078
6242
3269
22500
4043
5390
15055
17768
15764
1435
4669
5974
2347
18994
31900
25779
7596
19653
2978
6266
5365
7812
14395
14446
5290
9372
4391
21824
3538
15133
11940
28549
3620
11152
1073
8375
35998
6885
17805
38438
13051
25489
25589
35165
16205
25958
19284
38357
18569
7178
7320
7449
36356
9622
18262
17423
20269
20657
6577
9130
34750
23549
8767
2246
4334
29857
16084
5911
2107
11006
32805
9481
974
12836
1476
23685
30995
4352
30688
2092
2054
18618
9992
13144
21736
22791
28271
35093
3347
1588
18370
21659
13633
8230
8342
32082
23913
27835
24490
10389
32666
35298
26632
8535
26855
17585
28693
12442
26271
11462
33138
11837
2438
15642
39413
8082
644
4502
3279
37347
9256
17466
9282
24587
23944
6325
1534
3109
25682
25995
19126
29022
15641
12001
1356
20490
35608
22362
15304
14453
21129
2621
33019
4673
26676
5080
19895
17712
29229
6795
322
4701
4056
24261
18274
25739
13634
21694
8689
22373
30309
34442
15445
2753
21389
1525
26271
6526
4432
15612
17377
38186
37532
15094
11787
10541
22704
5334
5164
14554
35874
8341
2628
9455
23513
13754
28739
16982
3951
8168
10040
18202
4903
38750
28794
31242
16062
8862
1499
6584
5934
36757
14904
28884
5488
34351
15412
8724
20767
12754
24546
29690
3386
18257
17095
30789
20159
16424
2759
6093
16689
31755
38343
16842
34623
39592
14639
7602
8799
3307
3752
16743
27158
30810
2691
11383
14878
4057
13759
12631
7061
8191
25188
19189
9156
27394
1161
14349
19904
14668
32716
31462
6359
1712
7172
35435
39426
18127
32226
29470
23013
28062
11464
38815
22084
30567
38759
19878
28617
34140
29142
14031
15225
30775
17119
16381
26287
38743
