38398
10981
33234
22758
35348
21851
3206
31529
11803
18994
172
18830
5321
36451
1280
17777
16645
38310
7500
317
5530
37366
21675
11471
18929
29418
27774
14715
9608
24340
18815
26959
16697
12619
29728
18482
26356
22885
21648
36925
22643
21865
29114
37013
32309
7933
10200
19941
3168
38973
16668
14438
34878
19697
36888
1816
32258
33572
2840
9401
18896
2061
20987
23038
6558
38040
22671
38065
38830
9634
39886
25751
2981
24788
10995
6531
16934
12425
35425
6631
11269
24221
21400
30609
14191
24239
38991
30815
18952
25410
11066
34287
13092
29872
20992
21163
5165
19882
13366
17439
5257
14243
17492
30660
13930
39416
23480
2165
32224
3862
30771
9417
2436
14896
16565
39028
19670
18287
24893
32720
33013
12036
19664
10292
12572
1132
2533
15048
6220
20389
8352
8089
9515
14034
21308
7313
25151
10641
769
18044
2117
34122
38883
11869
26847
4317
28344
27470
29917
26463
17225
14015
6831
7687
4351
17553
16638
3815
5370
19953
28716
7039
11344
2149
27292
35549
17303
5022
31493
11688
14880
30427
6416
6763
8479
17210
27567
417
10519
23694
38083
19642
33203
8224
34369
35526
79
15914
6334
37436
36183
5752
18004
8439
12717
22018
30714
21537
9506
37549
28101
6180
16288
38927
17941
9926
10233
15510
22706
34456
37840
13032
15834
14895
31982
24801
9770
14896
12467
28443
20662
7260
19845
4106
16741
18831
18800
8844
17225
19294
13065
24129
31664
20359
618
9356
34398
33198
10570
8596
34055
23637
26422
11073
38576
8116
36202
6415
8335
25945
22676
35757
39496
29982
17496
28624
28796
1382
23456
21490
25406
9278
20529
30486
14901
18965
30883
10609
15813
22103
19758
33379
10339
15684
11847
20118
20734
20164
23678
13873
8275
4731
37613
27245
31853
26343
15024
21663
6069
28696
37900
21637
8614
32105
29634
452
12059
6547
16681
16774
15583
24181
14125
5706
16776
29069
21146
26652
16284
4023
10747
6552
38989
3926
13485
23515
32641
35723
11646
10115
21512
1335
39656
30795
6191
585
32644
6308
31172
12531
32675
38596
38013
27233
16837
17241
19048
12543
706
23449
25511
10772
37352
3693
8157
2659
26715
38227
16902
5414
6304
38924
35971
8286
16330
23382
22426
10660
28421
35899
17135
4092
8759
37719
14288
14946
19257
37545
715
12078
38607
30198
15130
32158
1412
34940
36934
1540
18336
1682
6161
19004
5572
11617
7568
566
27200
4335
26967
2795
36772
1227
6256
12068
26972
14252
9950
29988
27450
37206
32977
37258
28685
16025
7525
10627
9761
19402
31705
27266
30533
26191
35359
19468
8819
19112
7152
11976
26650
37480
23644
23849
13463
27012
20269
6649
9332
12620
29180
220
34435
36056
34867
19712
13559
33260
22545
7215
21254
30379
34848
4547
25406
36153
21132
34482
22152
11619
3743
19086
3912
30086
7358
6241
5946
31490
781
10067
19528
28341
9036
8898
19481
16904
13100
26708
34472
16860
36515
13009
8311
33342
1310
3813
5329
19672
2435
5184
4266
16814
38880
25261
33507
25454
1562
26262
30555
12608
14438
332
6625
156
20002
978
37578
26179
14725
9386
6733
10247
10918
28054
26832
12230
19528
26847
8187
21823
24144
38972
12393
21133
11619
28220
12770
22876
12578
11336
11945
2395
36831
10952
7839
6050
4713
22444
28228
12745
16920
116
20250
1101
14227
13532
32817
39253
5970
5947
28929
7181
27429
918
30260
31397
14206
23467
4314
6031
36703
34078
35619
3456
38755
19563
6767
8937
15328
5836
4094
2807
29213
5468
27305
30414
1801
33204
16019
30441
13429
16117
15456
18635
12125
37307
35168
7801
10568
20984
6881
29487
21023
16129
38075
28585
11919
16472
14344
14490
20696
37246
12782
12161
36559
21190
6812
2287
37825
8533
7907
18957
1154
8233
37523
6401
19018
36935
31807
39715
18296
26719
5914
11437
19013
5516
13014
7326
3041
33358
1393
21847
14619
22087
36758
3416
37837
510
27813
21740
15019
3287
19965
39358
21290
29835
16421
35517
13363
29200
25529
13770
2978
8817
21150
134
8630
32901
26273
3975
14709
1724
2508
30404
31660
5351
27791
9828
2203
9324
19853
24286
5323
19545
10109
13322
37399
382
3173
4047
25844
28003
37002
26604
9827
38463
27976
1123
26960
17775
31163
14782
37143
37697
34803
30802
64
3112
33835
8509
930
15219
2108
17615
12951
6481
10733
7922
4959
12786
13572
30061
8388
522
3877
23724
32998
25855
31332
26947
9590
10216
3776
35118
37264
4285
12642
32356
20624
8579
19567
3380
4887
38180
851
8161
38106
2438
7579
39459
16640
26282
30557
36179
39584
21492
12610
25111
37323
18737
9024
29971
10148
20327
1783
1459
18241
908
32573
13181
2666
21270
16030
7853
17730
3428
9370
15945
475
32636
35762
25085
20297
37947
1130
17995
15743
5983
4016
9540
807
13409
18641
17626
13836
24012
15651
22852
2857
8502
11411
36602
209
25365
345
11102
39937
21552
24393
3437
38629
19301
5496
1874
37550
26755
2991
27417
11852
34591
24389
26020
37558
7235
1856
14585
27383
20144
1653
33885
32889
5740
6075
2044
14958
2483
1939
2120
30904
26874
3074
39065
13647
2403
4141
28971
18921
31876
2040
21279
30703
33862
22814
6875
33662
35774
9930
23016
17123
4127
3218
12238
11678
1557
7354
15622
14229
3712
474
9428
3043
23421
4880
17605
1869
33459
11393
39228
5390
12648
16287
5454
6579
5738
20933
29879
24946
37869
19148
28737
16354
16965
650
16442
10880
24285
24208
37370
27394
26468
23948
39285
22572
15530
29298
9001
18414
5222
8002
36266
12182
20093
39368
19697
15677
19810
11769
30088
9030
19880
26401
141
16114
14971
7881
6577
22344
6175
18765
19868
3135
39269
14139
3071
39515
34118
14504
32983
35083
27886
973
23946
21049
26480
24709
6569
10181
18392
808
16005
28525
2007
19107
15753
26558
20659
26242
39441
33499
35786
1445
33851
24707
13199
13827
33948
21782
4338
36495
8752
32815
6024
5190
7727
22496
2280
20085
10528
534
16199
14901
13738
24988
32257
8026
10498
7016
5590
18040
1092
4361
20170
19381
6944
3283
35318
25831
27555
23169
32851
1816
18361
15223
5250
13610
12281
9829
20373
9417
10060
30158
19661
10944
9184
25938
38280
1386
24704
25833
25645
12832
5076
12681
14364
7645
34896
32954
19460
2934
7324
32397
4085
7214
5949
24766
38639
21132
7800
7917
7640
29396
24968
14403
6738
7568
23692
12094
8911
23967
25869
15155
37042
24560
23306
19820
38861
15464
35506
19051
7449
15344
17894
18462
11179
12040
20603
20925
13731
1792
9033
25058
12951
1714
14769
15900
31861
16746
31894
21917
29055
10450
18677
20637
30143
19796
35868
38074
3223
39376
37685
17492
31900
8881
35916
2738
13707
4762
21127
420
33201
30843
15529
37248
1829
4352
34500
12242
36980
13017
2201
19419
22183
6645
13655
39616
7396
3316
11795
14414
5519
12886
17798
7816
19839
37782
6097
23459
24935
16966
542
18345
5888
35169
26745
34849
25092
32047
17750
24334
30844
10419
28609
102
33895
5638
9203
31598
3758
11144
31387
36232
2502
14783
8251
6676
23753
26190
37199
9998
38083
8299
15556
16030
24520
36228
28201
9429
11638
15511
36159
10926
31178
21857
21002
32172
36829
27397
7893
20720
11861
1048
21821
36500
7944
2129
7934
7677
35615
11643
15411
8782
3698
9161
24658
18215
2328
19458
16152
34653
5805
10040
23328
4851
18953
32128
31173
14982
9119
17103
12760
23422
1603
15485
13129
33710
12526
4681
8592
28475
27697
7462
17200
8252
125
15805
21633
13277
37655
14310
7875
32822
20855
12609
2005
29659
11934
29117
20844
21848
11371
37988
20320
20406
33126
18564
12558
28367
17007
26333
30247
29864
1036
19025
19748
39118
9829
26596
3404
15262
11009
14148
6452
26653
3653
14983
16109
15046
11458
6389
6121
9911
18514
9962
32215
30276
4589
10793
39646
23084
2448
13305
27176
24965
36598
19132
30520
33557
3622
6805
26657
28429
35452
10092
39869
37324
15745
18088
15799
28096
24923
18183
18924
23447
16956
6972
20685
2791
26996
26032
19964
32958
9821
17965
16808
39525
22101
24534
7761
14987
5053
3654
34734
987
12231
37316
22563
37997
37237
21214
31424
31144
9939
3494
16209
24171
6540
19093
8361
7234
34563
5852
17256
3575
32447
12798
19986
35558
18066
31404
24366
31016
555
28835
13177
35687
6505
11393
34
17511
8939
10447
26888
1864
37680
5772
26148
1486
37451
19871
32973
13113
20107
26767
7018
34518
27683
6518
25110
36674
1587
9966
8867
11645
21988
18717
23605
17210
16867
8852
28594
12715
20380
5398
1669
31967
6410
474
12831
22786
16459
26241
37398
10744
22609
4425
21994
4021
10879
18204
12360
1402
7027
38159
15334
18446
17181
12776
3784
6173
36995
29168
33492
26006
32476
7660
12417
36022
12891
33304
3138
37006
11510
9166
36426
9581
26006
3884
6615
25900
37937
21261
2289
4967
10158
3125
24743
29133
15927
13483
11023
11132
13360
1052
10326
35880
38819
706
22052
8698
28598
33741
7706
4337
5258
27851
17876
896
14204
38785
21868
24337
20945
32831
13190
32942
7860
13349
5204
18536
5160
19346
6930
11611
37702
1800
24050
39752
5176
32460
32339
21129
14164
10578
4759
34712
19362
33711
20473
23733
7707
8693
22861
2228
13949
8064
11697
18019
33327
27965
11928
11122
16891
28321
31031
32726
6110
10860
18256
6622
18883
7522
15390
26068
9789
6084
25500
18217
15213
8411
19499
3379
10318
21153
685
38457
17724
18457
5351
38003
5491
14723
11825
19417
5582
24878
29451
4737
10174
20681
6512
38808
29778
17424
16432
39950
28408
16184
17235
19621
11793
19809
9944
37369
9481
20727
8758
19836
14201
1283
4176
5296
19177
2712
20832
15386
14918
37342
17990
37260
31259
37460
23545
1450
8373
1536
4110
17170
33929
12734
19708
19752
9580
38477
10267
17749
11666
25153
18687
24081
12513
10839
31590
2998
3757
935
22237
14607
21386
18179
18992
5802
22794
20910
20562
11649
9391
20830
15344
34135
4021
16544
1427
6297
39197
23153
31894
24862
36238
26746
36855
9563
4814
5146
4104
35715
1243
4396
2629
8273
29335
12035
9906
10782
21350
33492
18010
9965
20646
36501
34898
36093
21303
4465
28252
19903
9947
10829
36552
21038
33096
2340
14735
16347
110
4707
22249
30335
35286
31028
26403
1462
11558
17544
4222
14550
9983
9894
18475
10407
18687
8380
10465
9884
19369
18744
31425
11330
21155
35990
29125
29476
14506
5056
19585
20071
4781
776
16951
12010
961
18412
2578
7871
21577
2152
1342
26736
9546
11087
10155
17783
11403
9123
7351
25935
34046
22347
1992
39817
9809
12723
11872
21717
27818
2754
9987
18380
9942
24930
18824
17387
22396
29053
9486
7597
21101
39221
25798
30875
14702
10646
32626
37413
14386
13422
30722
6948
10629
30787
5026
32498
19979
16685
22936
33602
13900
8334
11859
13072
27084
26386
39322
34279
8256
30899
13659
24619
24220
8437
38973
21243
34557
20998
13089
37206
20504
22020
1727
3299
37336
11261
7209
9494
706
17308
12364
5606
19090
1662
7331
32276
13764
30195
29276
36388
1068
38826
3143
6794
7541
7897
31956
17610
9248
39068
4295
6063
22466
7409
5997
13884
34646
1542
7077
11393
14401
7644
39152
1635
30255
33781
30915
19193
38236
15500
10447
30762
34802
27029
10509
32658
20378
27062
20362
3004
35405
10296
27203
13053
26898
27399
4350
38990
16069
5642
18179
28157
21833
16457
32296
8263
14700
8707
18617
17361
23395
9589
13677
27088
10868
11138
19531
8533
31799
31743
29067
29038
27321
28689
11165
11563
19399
10949
35791
935
24227
35777
568
27559
35416
13438
29437
26780
16383
17950
6624
21767
33387
19876
12558
22200
32962
27555
19207
7590
29534
21912
942
12326
3303
17085
15347
6702
31127
9018
9730
8851
21785
35599
10377
36928
30000
17271
39976
15077
33506
19765
23029
15659
26994
30189
36973
6850
36022
37260
4289
21195
5747
11074
10369
29593
5069
6804
1969
5626
9779
5085
11986
3683
24319
14577
5336
17692
1202
8558
25611
4717
12286
18825
6004
29938
17207
9163
1326
8571
19284
36570
31830
9878
28871
4721
5403
15223
34880
19496
35215
27323
17444
5078
16638
38713
4064
39721
9756
8000
10332
25863
31246
6474
36372
32798
26257
17891
17197
11782
3489
11402
1906
7009
26375
9675
2325
13074
9900
19752
16494
7927
19618
5545
6012
21613
27742
16979
13522
34828
2650
25045
19388
38605
39858
33728
27085
3304
33949
3773
34781
12918
12175
2825
25021
18875
10422
11654
5022
16355
1127
38959
1492
25089
28228
11955
4990
31629
21479
5913
1817
15195
24624
9979
27070
35822
24205
28816
18950
467
31356
18322
18
1757
14544
34088
33932
10566
14315
18716
6666
11068
6985
25992
14810
30426
29650
21025
20723
26026
3616
3607
29311
33737
28150
36130
1178
3404
5184
7077
30777
12999
27941
6242
18072
36929
2902
10826
3521
10534
14372
18029
10481
2021
5944
10118
22497
2315
7740
15084
38416
19523
26347
428
15520
24731
37840
20612
30702
27499
16978
21982
14905
18799
18803
1769
22680
13359
2807
14673
1150
12261
29257
26831
109
17234
35142
87
20191
15875
6904
2105
17648
11036
14849
26006
25667
35050
9351
28333
907
27638
10024
3225
26178
269
22724
17164
29481
37087
13959
20397
11872
37656
5402
20143
37401
17137
14314
38843
11239
37437
19319
12185
30395
5869
2087
19903
29322
34455
18840
25279
7492
30953
35517
1716
8521
6444
5060
35114
8944
29723
38374
30798
24641
34926
21276
25561
29807
22346
751
27209
31827
14294
31432
6486
5598
5425
32302
30168
23786
15158
31365
34757
10187
23182
5883
11712
20189
24439
3513
10112
6884
2157
4450
11380
4234
14821
4284
14588
36508
20242
26281
15075
32272
12669
3544
35673
4613
9745
24041
24601
1615
29182
1698
13744
15396
10535
37744
28610
1481
28300
25294
5726
9451
12599
32912
16903
38962
2421
10862
24002
14773
7118
29756
32607
12359
32488
20353
23757
28939
20973
25125
2482
962
18056
20417
31180
10828
9770
2356
18923
38423
1544
21193
27387
7590
23566
3387
12034
33045
5440
21037
36497
26237
11734
39921
21454
14838
3099
17577
18896
6435
5523
8469
11407
34562
19206
24688
24200
14894
26096
5292
3434
18973
15635
16482
769
10637
8628
4535
12468
20139
8220
11736
25084
2176
15518
18778
24201
24463
1084
26702
39010
23254
39332
19057
17417
30252
9907
37199
21570
12627
10920
11485
6619
15002
9782
35921
11784
33072
13764
20688
2773
15743
24044
31712
9096
13232
30533
38172
22488
31869
923
23612
8933
27552
1701
15167
9563
30018
15836
13314
23928
22307
13601
8916
11998
877
13446
11624
29620
4864
34146
17242
35257
21205
7148
18965
7503
28111
13925
9964
7497
28429
21151
1845
9581
20303
39696
12829
37683
5777
18213
19589
32818
21151
18157
13540
35226
32092
1360
21136
13339
19757
30983
20282
34582
29566
31560
15091
27627
21533
22539
1142
18952
3497
5112
10834
5452
15975
33565
31497
37279
15066
19250
12577
768
6069
31688
3759
38885
9441
37991
219
13939
33028
34485
34902
32449
4508
35172
7716
4451
12038
32593
5264
2652
17680
34653
2634
14974
6552
37879
5476
14636
7687
2445
7123
6654
19129
21135
12517
380
33884
38054
2347
35086
25107
27925
32548
36363
31351
31253
7193
868
1927
21422
4736
20617
22605
25148
9183
9970
38895
25250
18127
17151
14904
14479
9659
9716
20543
13346
3528
4627
17372
29326
29495
31743
5159
7972
11387
24495
28387
1786
16710
35196
6026
4145
14948
8446
27040
1472
16826
31106
17198
37063
32389
16556
1706
17949
1047
38329
26643
26273
12820
18580
21821
31212
30582
2686
7461
24342
6083
18805
20428
2170
29469
26514
3676
35129
12341
19619
30232
15824
26164
7212
3334
13930
18369
5423
28203
14675
15080
3044
2461
17304
27174
3716
12352
13671
32351
6909
13591
13134
14107
26646
13451
17837
5573
4963
12212
19648
25186
36700
12494
8532
16291
35369
24944
23261
11965
8613
32482
14075
35978
22933
11161
32068
15691
13208
7389
16170
39673
13153
5248
38088
4390
14244
18530
13821
12200
20958
36897
4498
5633
75
35210
9478
18963
39804
35769
39882
29945
8524
12487
2960
18260
14352
31441
11651
24274
8256
5562
5926
23116
16106
16294
30604
11026
14224
1196
13859
1755
37583
5107
13978
23734
28792
35522
26644
38791
13774
37808
2491
27197
15011
4639
21665
5895
27962
28178
13997
26143
13057
3961
8387
29670
22988
19565
26911
9970
17795
3989
28017
27349
34611
35419
35689
35459
10563
13931
7963
19993
16125
9572
20000
55
33135
19171
25596
10647
29117
31435
35356
23328
6686
39775
6113
29092
6311
16212
28931
2725
14519
30655
16080
6228
29304
2463
8223
20339
20730
18149
6197
457
39745
28704
8127
4033
35359
37061
9888
12855
16115
24720
37475
5492
11988
28241
3641
27626
13324
3125
28339
17863
10328
36232
12359
32723
10146
8685
32387
19716
4714
36237
24380
35443
13400
28984
5273
14127
9228
24133
5547
11053
38713
14969
12031
12213
8986
10711
4315
3141
2191
6274
6271
38290
18451
1605
24319
25644
19396
16520
25801
8358
4266
38640
27698
7574
19885
33294
7840
23947
31192
1746
21959
25611
22659
13178
17570
10303
12124
14086
30458
1730
1259
253
24291
31956
16213
15191
25457
6477
15060
37420
2861
7172
22138
10747
16483
30393
37318
19048
32805
9189
39893
13743
22029
36842
1942
32619
14172
12452
5472
1011
33257
15280
21243
2887
3006
7627
30189
14285
28585
25883
23224
1619
4203
6979
25672
6369
28177
7872
7614
38685
38628
3246
2223
5954
7332
30921
29313
19267
7016
36860
19148
27582
39948
16344
23077
8116
9472
30409
6928
26384
32078
18806
10322
9131
38793
24733
8026
34457
36006
21640
12628
7753
17583
16793
15852
39351
10363
2602
39932
29662
37914
13568
5331
13418
11394
9328
6184
2171
1522
35272
3621
31807
11274
16591
25534
14964
30003
33107
28959
13412
24927
29766
4035
7087
8553
6523
28394
15999
696
34564
3039
9243
11432
13064
2727
24897
31223
35270
10118
22587
19810
19902
8128
27200
30230
2846
28890
26476
23810
34734
11177
11230
22758
6369
19179
25530
2598
7122
17218
20831
3503
18629
13855
13583
18822
37591
23078
4301
5705
15415
15675
16243
26732
9152
24211
12606
1440
27333
37696
33543
30318
37672
2637
28792
10589
28894
20348
13881
4379
12489
17819
13501
27754
12328
16702
14333
34381
6674
260
9018
18188
36349
8207
39305
36156
33128
23137
4802
7607
29281
39648
16340
10907
18278
7117
21724
3578
33508
37308
11231
17952
5114
30260
3712
25881
24387
30723
13949
6712
31216
11073
3664
23047
20427
2128
13522
9883
22951
8799
32697
3864
23474
26561
33142
30493
30868
37237
15970
1656
12083
22837
20464
9654
23240
14754
4597
2636
13445
16337
31551
9537
12770
37377
18359
16546
1302
25280
22540
35845
39256
8985
7139
13146
15708
17945
3690
17786
16816
12061
28256
16805
14164
32421
7586
19128
23032
16835
10475
3198
7981
889
16828
38745
1290
4624
23541
34539
38816
10918
31330
24589
13796
4708
18623
2766
39091
25113
23577
19958
30975
21902
20664
13049
38167
17613
24386
4140
7468
16259
28811
507
16641
6190
13279
1886
34611
35742
21602
34429
11443
26639
37757
39580
2768
21045
19239
8730
10577
14774
5951
26766
31174
1901
10579
26843
4550
3079
6013
11888
6596
7239
12688
10446
32472
20801
12091
11050
37400
15741
4629
17276
6237
25715
10357
35132
37689
25725
16392
15441
13260
29318
29075
29577
6153
4393
12610
9509
17607
7779
2728
1006
26709
1292
23438
7493
19188
30466
19906
26605
11871
25728
7280
1866
11806
12301
23777
16564
17514
22998
7325
26858
10852
485
35318
34468
12278
20234
1683
16421
3346
26893
11961
3816
5289
30164
8618
1613
28511
23610
38064
23021
26506
4056
281
12220
1241
31493
7031
37649
1001
13894
4965
25512
36826
36246
8444
35404
20439
11233
13287
17493
571
21520
29441
2838
12067
32580
21809
3677
26583
26050
37482
25063
3384
3950
8749
32125
18423
31552
21612
22711
35699
12390
18220
2367
39402
7239
7980
17779
31616
4489
35067
16331
2857
6459
4460
28450
32561
21283
11231
29564
14656
35024
14384
25211
38456
5378
37267
18096
10248
12272
34349
586
11860
33676
13504
36312
30115
546
33490
2446
3892
17992
17156
33273
37621
25820
867
29513
13711
3362
4137
33081
15526
4971
8267
2037
6141
15864
1043
26384
22445
16936
12272
5426
4535
30992
2756
8914
39198
21663
21712
30215
28297
19212
7219
7406
38374
7909
17888
18746
7543
5870
19477
34326
7359
34058
14792
6095
13157
3918
3339
4329
379
36032
15406
30785
17566
7451
25698
17928
7567
21229
663
19765
18781
23622
27998
12251
36596
36405
11484
17649
5352
26412
14865
23563
4068
1137
17945
16900
17803
32655
29377
7336
7911
29732
3311
195
21933
20838
38468
26073
3300
34005
11858
10279
32469
25319
17955
28612
12218
39490
21797
15573
9709
31811
10633
2252
13661
15855
28607
19127
1775
23531
31347
33612
22824
14869
15880
21568
9885
5964
19612
6867
29710
24771
34917
26886
29406
36116
5577
10931
11908
4753
27215
5089
13196
26080
35833
39237
28926
5056
37738
7211
6854
30147
17219
15424
34305
27341
12838
30338
17237
25062
25523
8608
9029
20664
539
24904
5127
34798
27390
13530
23865
15339
18983
5913
12088
31144
26958
10521
16822
13421
15177
7532
261
22071
578
16300
11111
20634
39115
29673
16992
7035
12813
27680
28512
16019
14473
1151
38164
8352
22729
32975
529
15567
10214
10236
19229
36379
6328
8405
35000
9337
8572
37422
7331
25399
28994
35040
12050
37808
5410
2908
858
8207
37908
1677
22079
2606
20313
25535
17096
31249
4319
10635
7316
6689
8062
4276
22358
12788
14150
19600
4864
8884
9131
7486
14421
9440
28181
35017
25410
12678
10342
1670
33539
14698
12573
7934
1003
23659
18713
5542
18671
5409
19504
36500
16943
12810
8537
39435
24554
4684
23160
811
32499
7179
16335
11548
3517
27035
16659
31830
1327
3859
26035
10539
3434
34047
17994
17132
26467
38158
4496
29079
14669
25909
3019
20137
12053
19936
10396
21507
5240
21454
21195
5172
631
1819
12356
26762
11935
26374
36865
18913
7617
8230
10471
8607
5455
1259
19592
10422
7918
20821
27739
9582
31628
33365
4055
16400
5332
27443
12416
11996
7442
26960
21475
18431
34462
8543
9650
17309
22435
13081
13579
30260
16314
36940
21302
31110
9862
390
23390
11773
1391
12435
741
8530
20913
10684
5333
18519
11040
18284
14125
26364
27452
32386
1231
19586
28744
31523
18163
3299
9874
2169
8199
19017
11111
15129
20191
1279
13106
7567
15735
31884
9687
5836
21117
21437
19810
14413
19217
20693
266
9820
682
38092
25246
33997
435
12562
9122
13183
23175
739
10285
3275
20157
1947
18141
35754
16496
4731
17806
4452
9783
22635
14139
29120
32667
2613
8343
20420
26896
11887
15939
21267
13043
34219
5056
22292
18564
4663
1225
9583
30380
31309
31160
15895
5322
38207
33931
19314
5831
36448
1073
12832
10981
24762
14635
13745
2565
11227
34876
24841
19454
10739
10518
20880
8134
28407
2655
884
359
37338
35784
13262
7537
2018
7118
34146
8089
1302
18847
3229
3639
8153
29772
6831
31328
236
30179
1517
23194
11347
27380
13255
7975
26608
9775
7812
7448
148
38814
4299
227
21759
27614
7340
24427
35602
37464
32637
24776
25934
28458
37433
20072
26705
32659
29480
29073
34483
18910
17156
3114
26445
3128
2281
2316
16898
7903
27264
5748
32578
17465
26753
18840
10235
15129
8865
16763
34180
11920
19452
30713
34652
39663
11097
39084
7464
6848
11137
2704
30236
21370
5725
31418
13951
27028
3081
24309
26422
28627
466
10004
20921
4870
26598
36419
13778
18115
18274
12272
6275
12930
4638
9011
32304
3620
33135
13791
222
17589
602
7098
21767
20952
13505
6049
17475
17482
14190
26555
2131
34083
15763
4597
3269
14019
10907
26513
24164
39987
24894
14649
13838
39245
29244
2431
30891
3930
31517
1521
30159
14907
28761
20261
13627
469
31010
7422
9188
37662
11117
39323
15025
29742
14477
12457
33599
15569
4760
2606
9756
23383
18128
3702
29944
35947
27678
31811
27745
1170
5227
15453
7611
4468
10545
16556
8646
20524
18275
14798
22023
21841
17029
24882
11976
11011
27128
4170
9951
35865
28338
5107
19235
4952
24031
12470
30497
27188
23423
29964
4617
18593
32413
5159
22971
8374
22426
28808
17396
31867
2477
766
11976
12845
6451
25714
11782
32150
1678
24855
35265
32570
1766
22697
351
11439
232
22266
17616
115
10429
15696
29001
46
20512
24411
24241
2465
23888
2122
38850
9220
21775
3570
38752
18422
4356
11746
17950
2587
23040
37957
14601
16364
6291
18353
6336
2529
5156
5426
16213
18104
19286
11532
24617
33959
32020
19645
26537
20118
35049
28586
14186
7825
25194
11403
18429
17705
3667
15829
2925
29082
3381
31471
3297
10906
15195
17447
38356
35684
4279
233
7120
8934
15584
868
33223
12414
16270
14407
1030
33054
39549
24521
3635
17835
15700
584
23323
6470
16490
32478
19396
31147
5421
31594
24695
32147
3919
2729
10501
14147
3608
26898
19393
11865
38976
3882
1494
1518
36704
32603
4483
12297
10964
19514
10045
19819
32592
2933
34335
19586
34303
5275
14706
37435
6144
2140
20956
9473
35289
31000
6606
12107
35396
10758
12698
15774
5034
7811
25000
12304
10168
18045
15761
19173
5899
996
19326
38980
11790
25121
23038
11754
21826
31028
30674
11587
7681
6503
33051
5003
6932
13683
2956
17429
1645
18037
8323
5701
25540
12308
17562
5177
15822
12646
398
10999
28024
8812
36066
15030
6992
18823
37218
16618
32190
19229
15111
15454
198
1967
18426
1582
13744
14080
18679
21077
10313
18152
20452
36882
39207
771
15886
36362
10174
17440
37566
8427
7822
35680
16129
14377
3917
28307
18956
33589
10856
28043
13531
4355
31629
9822
2942
5111
21290
3817
8148
38177
36551
3807
9196
1270
4028
4314
29070
35541
6513
2743
20390
22494
24733
34917
36765
25940
13559
33436
19391
8857
13916
30390
12175
38668
15651
35840
7189
17881
17181
34807
29917
8376
27619
8313
35846
21170
6883
4398
28916
8690
8531
24757
5120
35389
11615
10741
34332
10451
8053
430
11546
3988
33758
11208
31786
29639
23838
2963
510
28752
6822
38205
1052
15304
7405
36935
31486
23667
15038
20375
5222
9800
30148
28066
31412
26029
31930
4843
20329
14748
18217
35804
7774
21101
18449
9851
30267
25550
35605
5701
10214
7579
6561
3113
32410
32088
853
26564
15798
4336
33762
9675
19417
22222
11082
14845
17919
16775
31788
5041
14679
7640
16891
30557
34386
11012
3347
11005
12550
1098
17284
36262
21653
317
29170
11490
20175
35012
8086
14191
36536
20132
13824
11382
20342
13275
35555
19829
31745
16138
24933
6652
25717
13876
25374
11931
14876
18372
8570
13407
37824
12080
3615
5187
18293
13602
2029
1721
28511
10740
1478
38550
11584
6608
18212
17488
5592
27390
39387
2902
3217
30932
28108
10404
13351
25814
13805
26929
10390
7133
6524
30375
23965
21064
16892
6727
27064
20579
2093
4888
35354
18694
33807
38217
4750
9112
11824
1930
33212
18850
7055
38289
28368
38970
12432
14535
27644
39268
18068
7494
2243
37151
5804
831
22581
23291
36030
12734
31575
16158
1902
16712
31933
16663
926
26364
11798
23006
34965
39446
26237
7253
32000
19905
10995
12280
39975
23244
1532
29328
6793
36644
34848
1692
32657
16348
19832
18019
20386
23872
10983
17027
11756
21770
19924
35728
5339
252
28075
1010
25145
33790
38145
34120
8594
3568
13851
23297
9610
589
4804
35121
19083
7345
23722
18769
32554
22440
34710
10941
18244
30487
4416
19370
20166
11028
17901
4963
8900
4270
5391
11884
11183
12457
6461
6581
23171
34877
13180
7014
14994
6793
39069
12834
3607
18997
6389
15875
813
10689
26939
14041
20802
25380
25639
30764
21663
1326
4060
9412
747
29111
3393
6455
11610
19380
23744
3320
1144
31108
30144
17223
26860
31563
7817
20297
20546
27039
35393
18642
6371
29687
8942
24766
39503
5285
18890
19170
3708
19217
15008
29611
29961
15661
36692
9142
34875
38828
5341
35798
7501
16687
23513
17397
1812
28081
11550
13678
5106
510
2922
153
6286
9872
22992
19300
1124
36142
7156
5513
29015
24426
18319
4951
32253
13597
35902
33093
31469
10444
32192
31545
38945
25018
18405
313
33853
34731
35666
18279
4447
28630
20281
15796
23695
9899
25160
12894
32767
3754
3142
36129
31293
33488
13101
20035
5879
32527
7503
37330
1157
2991
25680
17824
10753
16733
13889
16034
33673
31781
13000
17085
35162
19871
9165
241
5278
36966
15739
7353
19597
1093
32815
344
15167
17116
10830
5553
9304
9961
6655
14599
6738
10182
33459
35626
2144
25905
1505
18219
38659
14634
6388
10461
30658
2412
36378
27218
4747
27246
4363
15196
18065
16468
11022
4261
35635
16007
31649
6720
18941
21127
30609
24730
3927
18250
592
27796
6589
11180
21596
4396
1151
5914
17952
37662
22862
32668
38361
3920
3775
14580
36809
2029
7912
36924
19260
7684
34922
12751
7936
24301
433
20520
17702
24401
6074
12766
24838
6532
7934
17889
10419
37820
14748
5331
23054
7614
8098
10688
24682
26418
24393
10467
22979
17470
2712
8611
4594
5456
33963
18270
23124
24379
22810
29951
33088
20006
2688
9880
24153
26242
31848
37275
4520
12311
19828
21373
31829
13889
8238
3613
31181
36638
12341
35779
4431
38222
20039
32541
15374
24702
29836
3960
8408
22457
19056
2340
25786
20491
31724
16018
18625
12906
34826
3706
2165
28769
23414
524
37525
6017
39901
29666
37016
10928
23579
18848
39734
10262
32016
21757
7175
13159
11427
9627
39943
1275
28577
25065
19990
6625
4909
28700
32192
4445
30134
38878
22350
5997
27626
18883
34007
15586
10539
10671
6081
11366
6253
16339
16069
2774
19609
35123
23090
24566
1294
6887
528
31898
3792
11334
19820
25604
18862
37257
10919
24000
12298
11368
31726
3329
19304
38918
36885
12544
6457
25547
38339
19331
9082
8265
10480
17010
4050
5800
32968
19430
34892
3126
20679
7664
24051
8666
29174
34659
34553
3610
2368
19916
11237
31775
33205
33395
3957
9144
20816
4006
6200
21191
20915
10575
1860
38087
14018
20433
4744
30750
16181
19384
9103
33987
22845
17480
5454
16144
6511
16819
10855
36969
18447
9168
16553
3562
38170
15599
32621
1420
5596
7945
23837
16113
1967
34841
19926
1934
11726
15342
21509
29243
12333
3808
8264
19604
32668
33124
12827
14351
31753
28720
6065
3174
28066
20540
13777
28483
13527
1391
401
5926
20593
4461
9237
19700
31322
16835
35618
11690
22888
38440
31485
9722
9291
34405
17734
31944
2436
13832
24562
4820
31572
21453
13307
19809
1385
14107
13604
35117
27991
19280
17756
3083
18259
162
19573
10903
4666
39350
3752
35380
4202
33736
938
8216
13393
17378
11552
20855
6741
17457
16279
4696
9855
15641
6300
27409
5689
1839
34452
28004
13077
796
3002
31334
26138
30608
28936
14549
21544
20235
7138
24171
3796
29818
22688
4481
2058
35292
5878
12190
7497
9889
29622
5885
23810
25157
14512
34174
3065
28226
18525
5095
11802
20522
5029
31955
16776
11788
28951
10380
2457
19225
10717
1748
18332
20169
410
17792
6585
8336
11894
32291
6025
19812
31113
37776
8926
17600
38393
3156
34627
19886
24471
11910
10868
37491
16525
107
34043
30228
11013
3910
31103
138
24351
23226
16805
6986
21755
32066
18297
19189
38542
34720
32357
3868
3727
25865
35403
37674
37852
2279
17328
10535
7864
25339
14027
9844
3985
20893
11618
26581
18184
26612
33130
1584
19377
34648
2326
19851
17059
12891
28411
4670
20755
26779
24825
25666
28915
9789
10315
26057
24168
21675
69
15288
10157
51
29942
38525
38963
15682
31271
4632
6896
35054
26939
13977
17677
39433
7507
24127
30796
9640
5251
32474
27913
28313
18696
32469
5178
3887
1117
14114
33706
32997
4380
7146
1329
7599
26413
13033
23395
6271
11549
25571
18133
4597
19963
15303
15706
35036
9355
13748
39291
14964
11730
6546
14919
29730
17709
13073
3716
625
20802
32920
463
11584
13489
28460
15841
26471
8408
37730
14294
25783
23845
5263
14982
3696
8052
6968
25327
17837
31405
2110
2925
17524
599
38384
3991
26061
6098
19728
25186
16297
8192
37570
18006
8087
5668
14549
18261
17651
3758
23250
26134
12874
15758
38701
26079
14118
13872
39336
18548
7766
32305
10161
39023
24267
25428
1722
2639
1668
16493
31292
579
19292
2467
2586
33223
22324
2793
35551
27897
21138
19957
1897
36471
15377
6815
10016
38832
3338
10885
21554
36991
5310
4765
19732
5696
17770
273
15182
27744
18843
14033
12446
10419
21726
31456
21811
34297
20490
1128
34849
23312
16841
33926
2747
5632
9310
32045
30797
2354
33722
34070
12888
32781
12080
16040
28521
11076
1022
21516
30330
17681
14113
14098
817
9777
23915
18738
18659
12060
1221
6374
33039
37470
6316
7718
13523
39600
16584
35278
11476
7064
35562
32588
1544
20134
14070
27991
39807
16399
4277
37225
17245
17702
33663
17162
35886
13783
8957
6339
5059
1350
4750
28444
22337
31818
13067
19811
28820
13879
23437
34816
39573
13779
21709
31803
12233
28985
19611
8352
4977
5286
9128
11061
38343
18125
29372
18665
3809
13533
23922
7180
7720
8531
31569
14760
13790
11002
6162
24548
23881
15357
25162
18524
11604
30977
7589
23024
29679
26605
32140
31133
33338
24618
5252
7943
11646
18568
36192
20236
12832
31941
6630
29757
38978
13866
39344
22035
33084
10561
22744
39072
26778
23618
5947
3363
5318
8390
25935
37202
11302
19704
23385
31466
22838
20993
652
22913
8966
14715
29972
26579
11372
14329
2841
11152
15496
175
17928
14306
3517
38340
4308
26035
1935
20410
16306
13188
18142
12462
36971
21232
8091
15472
13163
13817
13271
32106
7213
25069
5676
27145
16670
28220
850
17017
5371
6501
5173
3817
838
8944
7125
6284
28942
15744
36877
39698
20663
18954
34162
22206
11094
14865
12866
39879
32468
8704
28013
14099
19355
28546
168
27308
34712
27381
34419
30718
17704
11777
15953
21240
29443
11
37868
23204
999
9505
19462
8406
14307
28074
26491
13205
37710
28562
13390
3109
17249
32640
38247
17803
25999
34869
684
20783
17180
38738
3726
8785
29045
22415
31823
4424
21104
27703
6043
34660
21019
37274
16505
1951
27049
4567
34580
5875
22901
1462
33225
6495
22407
9776
17731
19354
24795
1331
14647
14013
10908
19841
5695
14262
31356
8350
13610
7737
16586
5852
32561
25182
37657
31425
30978
30195
7580
7612
6012
18223
36148
11030
8307
13535
26241
28545
11495
10811
2619
5161
7745
35708
30035
18753
22182
25183
6748
12277
4683
27786
11678
1094
15494
31764
36555
25691
15958
4113
24167
468
23225
25171
35483
29131
7054
17132
13861
16390
274
36460
23790
34330
23468
12748
36684
6778
35514
18881
19647
30849
17468
12462
24055
10652
940
993
5443
10574
30577
18963
13265
33235
27328
1439
3663
32688
14683
31980
19755
22062
1339
35416
4092
3717
6717
17787
21375
30896
8874
12551
33241
4530
37421
36256
33112
29533
31607
31213
19059
15791
1297
2387
16645
12930
1751
12328
16481
11044
11058
18493
1558
8840
386
12727
34607
32957
25466
7351
13486
18888
1137
19716
7406
1582
13685
31485
17778
23601
13130
13180
16633
28717
31424
2338
454
5782
7646
39024
10930
5047
2912
3092
15994
27644
26208
13563
708
38877
26826
9073
11169
11094
7748
32881
39038
37550
17721
34312
10187
5603
13433
3631
1589
19288
31550
14443
3656
7879
9850
32492
36144
30564
21207
11993
9563
22850
24500
3360
13147
19009
3134
15375
38942
38283
4223
14106
28707
10007
1865
15897
11292
31097
37809
2500
12532
3754
11924
27697
5319
4490
14468
20826
7800
1421
23719
36243
10219
1662
29592
28949
580
4628
37995
16959
4618
15313
31043
25323
13229
24282
8062
13189
17923
36907
4814
11966
35172
11347
15528
31548
25816
1493
4707
37558
30791
5497
14307
31022
6215
30389
32002
35110
25237
22334
15686
4901
9417
33412
29088
8396
15965
8038
26477
13381
34319
10931
1598
869
24111
34018
24410
25265
34018
33960
38617
23507
35425
4249
24325
25110
8061
33219
19831
28470
37613
33620
3120
37739
1827
39677
9598
10864
10079
15991
3156
754
7284
14548
3855
7189
665
30553
8527
15992
33994
9680
1821
26208
34591
12854
34989
15149
13309
833
26392
4665
814
3480
24736
8140
38013
8247
17535
2406
7306
30407
29364
18821
9327
9654
17032
30368
31029
16049
5170
9658
26812
28707
8040
3779
24992
3475
22715
39600
1644
32240
24072
18183
20405
31930
7540
36966
5618
12054
27219
26484
2700
11152
17356
3608
23753
14833
25102
12995
6686
11708
20148
15018
18908
37003
9087
26972
18533
10441
10632
6379
21985
28624
34331
82
6356
18436
39001
2112
13452
36877
30673
4328
10761
13731
2035
31721
4576
39485
34588
26231
2017
27651
437
24466
7005
22029
21405
13971
5753
11979
29730
1610
3873
4589
33218
5335
777
31667
29860
9844
2420
31626
16736
13363
16946
8613
25750
159
21574
2524
7256
27745
812
17502
22257
9554
26874
8631
7092
7525
14334
33337
20109
33536
16600
13198
18848
11327
38130
28058
9783
37220
16064
19278
16018
26740
26987
10594
7419
11770
32378
1741
16909
4850
10827
13871
31793
13100
25659
39815
11454
15248
8643
9838
38171
24436
5377
13500
893
36362
17192
39823
492
31815
15619
839
8881
10773
20338
25632
5077
21375
597
8093
2495
24045
17131
985
13207
14392
39358
3412
29126
1132
37460
21402
21757
23042
13145
35367
14648
19597
6775
26300
38192
36036
7924
35710
17963
26643
33382
13624
18088
11633
8446
16254
9757
35696
27659
18471
1531
38043
19232
6239
34723
7502
32648
15851
32032
3329
3132
5077
14035
16699
21383
24848
6509
12128
10381
19376
22570
15293
27889
4884
36637
19721
1754
37855
10881
669
17537
15474
8761
34843
36862
21048
19391
19640
1957
5900
2787
61
3261
20015
8271
1959
7153
402
30012
794
34993
13604
3691
3011
25290
36537
12007
6117
16064
9261
20006
8705
3790
30576
3419
14180
21803
1092
14876
16798
15458
24886
29526
19652
32086
4981
17697
27504
14650
35120
7404
35715
29169
4602
36259
27576
18191
5471
13907
3748
13354
31431
13412
24471
22901
16198
19461
6971
32483
14611
38816
9937
333
3709
14661
16639
22688
14276
9628
10158
2818
21227
31769
5274
15426
3440
19575
27406
39739
32418
11857
32171
7347
18148
15479
20384
6142
9763
28632
18342
16420
927
8037
37923
10104
21548
8976
17109
39276
4247
13894
10965
38703
19407
3549
15156
8454
29016
29344
4741
26866
34335
19847
20400
15354
30888
26940
14488
21531
13203
15188
15127
21647
22799
25667
15187
29007
39088
23703
36051
25888
11701
28252
10594
11598
9672
28013
31787
25705
23134
16548
10118
2592
38316
14107
35195
11506
11622
874
2118
7511
38250
16665
31675
15365
38702
263
17869
1146
33621
38124
14391
11070
37495
31784
37115
1572
16213
9849
14983
31080
3857
9055
36527
12063
1257
16304
28696
18897
997
32731
19471
3337
6567
5244
16162
31791
28041
35273
9954
169
26827
5151
33896
14831
12553
28629
31866
1908
21472
35069
34608
35178
28270
9941
597
17822
22822
32436
54
9833
8687
1044
1577
36654
31818
17181
20921
21431
35552
34443
31205
8514
13084
8205
35598
5588
37211
989
4062
32239
25030
2596
36504
20990
17710
5371
10118
29437
31127
6882
15655
22436
20912
13307
7046
7064
4754
34711
6156
37868
18698
13814
15093
14389
35310
30772
34910
7099
17579
22401
37005
8527
18398
15338
34081
34733
6100
219
37448
7605
25671
36694
35161
28714
11838
5149
26036
3410
36911
5518
19018
26275
5667
27338
36069
36001
14386
35585
36554
847
15132
11770
2631
32785
34917
1744
10323
266
25217
8536
15380
39597
26768
23304
14107
3308
10274
29016
19619
18331
531
39204
24956
38843
14242
8951
23988
12692
16648
12764
8009
20515
37073
29764
8464
11302
32609
1342
36931
24657
8701
25209
38178
28685
16830
13124
10512
37291
13016
17964
28690
27151
34827
29627
2004
28823
24116
6575
1253
16709
22203
11859
38687
34139
38804
35589
36585
5330
10233
567
35457
1942
9069
39022
1125
18839
27883
13342
14743
14685
25075
16335
4536
3374
25319
24324
21277
18977
15015
11146
4540
5408
27893
8073
28247
29561
5551
5549
7450
6378
23160
4511
2145
10060
14459
10477
25537
5353
12102
27546
24989
34327
5490
3777
33429
26851
34203
13556
36879
10908
26838
20164
10680
30850
19363
1738
32956
9960
1105
11148
517
21057
12611
13770
16985
11219
5599
7423
3905
37935
30825
29362
27410
23070
22030
36538
34586
36749
3193
9803
38292
9418
9614
30408
7906
27915
31020
39149
2600
1346
31097
10925
3722
7406
7072
9814
3706
15839
35305
32348
29357
19756
1849
21129
31293
16040
39388
22777
21665
24226
20212
37539
17833
26321
11759
9146
17817
21195
24088
37306
2210
8510
6129
16343
34037
30865
3024
5595
36465
14348
34898
16098
38034
2070
3058
15459
27676
6268
11432
17350
7198
4397
3489
23527
1293
39786
7410
25216
19564
31113
39686
9105
6529
10707
14983
6282
28206
721
5212
13432
32799
30142
32852
18759
575
15724
5458
24757
6214
20673
8603
1732
4620
33465
6939
25656
29692
4875
17655
199
3820
2217
15149
30195
39848
4436
8992
3634
12163
4798
2144
15741
18870
1866
7560
12921
8594
23461
19783
4187
25748
15550
853
34968
21990
18522
21664
16173
115
13655
20215
10869
36120
9004
22042
6124
20523
275
6438
33074
37045
5959
16449
986
39932
14290
14341
7014
16620
19924
4377
10869
8595
16463
13907
15482
36893
20597
1636
23028
21520
25411
13659
29741
27397
39161
14045
27503
4267
7092
28034
19539
24026
29735
18199
28950
14131
13083
11240
36864
34315
30676
3038
288
21489
31822
8675
31522
32666
19612
18638
18760
6937
3681
7323
16184
15450
326
7018
14665
25927
21833
15467
38894
17102
10813
1712
423
14643
27274
23478
28729
28
26864
30111
12991
7147
14455
17021
39513
34725
14044
13333
14601
34283
14642
31388
3751
12042
23624
38618
9763
12827
19198
31359
15343
18411
2852
33894
7633
1952
10391
1038
38607
14412
4749
20784
16366
5115
11750
24743
39535
13204
38758
31945
8609
31889
1685
35173
15527
26854
15147
10196
36123
37817
11898
29057
7560
20345
16348
32760
20673
28010
452
11150
22238
4976
18943
8560
15244
36940
14561
20718
17475
14430
24388
27131
2179
12718
32230
10863
24390
16638
1897
4280
2006
9522
2503
15624
4569
4683
12331
679
39015
17186
1302
23468
13095
21699
16542
31064
14257
7449
3821
37843
6633
16141
33092
1069
2649
16787
36086
16623
28287
32438
491
25811
6292
1608
5627
23978
30307
24316
34510
21489
2489
25966
11597
5467
38151
35829
10169
13172
36910
6601
14025
25045
4570
27753
17958
10783
10447
34603
6961
19777
34796
18318
7691
36001
25158
12493
26725
29317
18438
38834
26749
8877
1018
12507
2686
35098
30324
8355
31107
4830
10802
28789
20528
7133
21450
33774
6456
18222
22555
29478
13304
5276
9958
17588
17010
36908
28975
19746
28983
1563
31489
18415
11491
18298
10185
8842
15033
3926
26167
4364
17108
4328
7302
29018
28353
31581
4526
8634
16785
636
15349
22062
3375
17570
17066
18728
18072
36406
20962
16931
21245
38963
577
13366
28699
19426
25431
21895
35923
13864
9210
23438
19884
11418
35692
13293
1568
7167
3497
13516
31118
1737
4458
28895
34901
6155
29301
21625
30900
3896
18196
3423
3274
36117
16336
5025
5226
17342
1448
16448
16500
11867
20027
11965
2018
13304
7383
18307
33494
34693
20858
2199
8094
4297
30743
6175
10795
8505
5112
17759
33366
20698
14466
14307
19176
36590
1708
1210
36841
22355
15818
13789
4503
15125
28856
1408
17838
2255
4971
21303
300
31752
11482
39370
8787
16873
1278
28194
27247
39551
8252
495
16847
22675
33980
36115
19356
39803
28431
8117
8643
35787
26025
20646
24205
15198
37119
13588
25894
23999
15582
9528
3503
15454
26192
22408
21119
30218
216
9723
4996
25354
33627
26272
2256
657
28277
12220
23354
29562
8865
24046
6140
1414
22900
6755
9674
1346
31878
39507
1754
4582
28529
18186
968
4031
36439
9845
22924
30800
924
6230
22439
29370
17811
26647
18494
4844
9487
5330
5518
32468
2557
13974
37860
38273
9982
18616
31287
15354
21469
27422
12995
31711
7891
1486
4721
1436
12474
39337
10954
10539
16256
34702
20588
30789
17556
38587
38133
37793
9715
37836
9115
30724
26162
20450
5614
28017
14053
17116
3750
8721
29324
17453
6203
1539
18284
18135
4310
28174
37903
529
5462
19755
9984
34499
8010
21256
10128
35380
11159
31175
18223
12445
29077
10030
32088
8152
3095
8906
2125
30827
2926
12040
5183
10016
21547
8296
30961
5868
34660
2956
4225
16791
6108
8597
1201
26740
21211
12893
8281
28759
18215
18250
26998
29177
6105
16304
21231
16066
33738
15406
408
26974
15919
13558
4360
27413
28847
1957
16578
36237
6075
13063
18988
16570
6479
2392
24186
15758
26493
10232
7349
32258
20764
38784
6642
11908
19981
19621
14985
19169
25801
11926
10722
4627
23087
30276
32519
10645
24579
29682
25171
10883
26956
36333
11976
5934
28111
21388
14412
34994
9961
18023
23025
20589
2588
31832
32138
8756
5770
29845
1986
4824
17421
3683
27115
18919
23340
14054
4165
35312
14401
31577
4696
7872
38564
34492
15087
28180
10598
34261
29632
35852
1072
17898
17352
7518
10173
32317
11970
14135
917
21893
36876
8813
13372
12836
25579
3188
10937
32401
17648
17436
34511
23493
33939
17926
271
35976
2011
19905
6512
37046
23590
2398
39751
15088
30788
479
21612
4817
38259
1237
25385
15082
21997
11984
5023
20940
20915
8034
16282
14204
30002
30612
4991
9001
16907
37887
15062
26597
17468
3290
16694
16771
9832
704
14158
28440
2080
9537
23691
21686
8623
39931
8618
4777
1930
23171
28054
1962
9566
19870
17020
33030
12516
9496
25115
15044
20031
19979
8192
3411
8759
9564
36726
31162
16514
11588
3492
18350
39785
457
20284
4266
38023
10037
39468
21082
38350
7585
111
4334
31115
10401
36921
4994
14030
12865
18966
5493
1986
12402
6983
9013
27663
14084
10929
8436
15050
12036
9607
1710
29524
8894
18642
38290
33476
11162
25317
13420
29310
16803
28395
12753
36607
18298
15442
28774
7614
16047
20771
10044
22278
34234
16916
3200
18324
464
18978
7325
17591
35711
16925
37063
8828
5382
4718
13624
8575
10987
4795
6233
32513
7969
24131
8916
23216
20379
14977
13453
9283
18171
8751
33963
17479
15070
24098
30541
12583
3740
39933
15758
15253
10511
12923
20682
23168
5898
33629
17590
9109
16218
37661
22216
3172
26905
18569
34554
17923
16290
64
6808
36013
31453
30079
1396
24468
1480
19896
10283
4103
9351
16446
855
3080
6820
18617
130
33434
23865
14092
34397
33089
2488
32682
3203
38488
12391
30773
872
11202
21698
2062
29433
6239
793
23598
10853
38465
267
25011
33425
20208
29879
23876
13002
19838
16165
16667
950
23909
39325
8724
23296
26674
19720
6299
8340
32827
18160
34468
5731
36005
14999
10038
8260
23984
36883
39652
34174
14363
18752
8161
26807
23600
27168
21230
15260
10999
13233
37923
9775
22822
18524
34126
19172
3198
12185
33020
8293
518
7440
5117
6223
1061
2020
32899
26100
12461
39669
31840
8993
14684
30326
31451
18763
36306
31645
3243
18771
8190
20701
8839
3038
38636
36647
21686
6525
1726
28834
6392
35351
10556
20889
1354
19198
4679
13641
35576
6002
36409
30565
20024
20608
5263
3092
12134
31006
31204
20583
22882
13413
35647
6617
8621
5511
19660
10085
10577
6111
4770
32595
17589
18891
8860
28497
8290
17361
13460
10565
14385
12434
8335
1326
5524
39504
2077
35725
32123
25487
19502
11652
24529
16296
39649
23539
24582
12963
35531
15155
29643
33093
29770
23691
2520
27668
12682
19085
4291
6083
13724
14850
12909
15826
9313
11022
28635
35976
21566
28442
7194
28282
7741
20020
10507
35347
32492
14912
4713
19285
37346
30285
215
4280
32849
39611
24422
7157
8247
14477
26018
8382
7434
18880
431
17586
27122
38650
37061
9399
6757
17508
22692
16503
4475
29200
29732
9186
24752
4809
23563
27545
38058
38607
24483
25184
31883
72
3163
25040
18337
9930
22317
26023
22935
16978
37806
14933
28526
20753
28459
32727
13880
2214
18566
22386
486
26530
13533
35572
13260
14466
11254
14778
2369
5905
33132
35213
37823
30437
7613
7765
21184
3379
27079
20356
34998
280
20043
18770
20575
2821
29794
14655
18731
6790
32760
31260
5936
28334
13232
36242
14565
8162
35080
19630
33744
19436
10677
2636
10520
9314
11434
10820
28631
38290
15468
23366
16498
27722
15997
1883
16662
14126
9076
33106
16997
17805
11597
17868
8568
20675
11719
8592
35736
9927
17131
8855
25022
15853
15199
340
1618
38635
23137
9727
28795
38226
15548
6786
9418
8091
32732
22099
14843
16429
22742
17426
23303
13953
3278
26736
23611
11347
35053
38892
18551
15348
10962
996
22852
19600
4774
25081
15445
19924
6054
19064
12596
26351
34479
28128
37855
39481
18021
32356
2959
4631
7643
7374
19776
11048
13415
5176
18018
1271
2854
30300
31052
10338
5341
11406
15138
31105
516
4290
9393
1486
6250
31500
4700
17586
7366
16490
24153
1164
33531
9066
35722
31414
23867
28644
35768
1721
1206
37378
1104
38349
10709
1477
19531
25302
23314
7162
36533
5142
25767
24148
33705
6025
35841
37362
1592
5360
13511
28958
22508
21502
17035
25666
8089
20158
3335
2552
24738
14798
16982
5021
20016
8286
28121
35261
11453
13315
2103
245
14769
7997
4228
8244
1497
2833
1397
31359
21747
17807
31725
18627
34705
21108
27642
20155
2418
24688
9158
8619
18890
10922
245
609
16467
11225
14571
18963
22668
19380
13112
38319
6788
33017
21634
30521
35141
20752
17903
23768
29396
10005
18220
4247
37297
24014
10027
27041
32070
17026
5195
8389
13409
15721
10749
6736
27402
24242
33719
10631
33428
9311
5214
8059
18921
7412
10158
13984
17354
262
30038
4762
19669
9779
16453
11992
399
9372
2572
12382
6445
21011
11371
3111
20060
33980
38562
15667
2175
3812
7573
12170
33266
28706
17757
32813
3711
15958
12817
39679
16609
37270
16965
18620
36426
3282
28214
36978
7590
38353
6155
33682
22333
10969
28057
19711
16289
29482
15925
128
15935
23146
16408
29912
37834
16628
34230
13306
7144
686
15329
35079
39722
23119
7920
4491
15781
17037
20722
5603
5025
3374
26951
3681
36906
9514
24335
10540
38295
37695
14703
19148
39685
38491
24676
6682
12288
23135
18140
26739
26109
31219
25346
136
3176
32096
8310
21523
17669
9100
29
14422
11276
32454
8722
39381
12444
16967
2084
8754
12426
27659
38961
23488
36691
3951
9761
6849
29654
36336
12909
22974
37595
19125
1956
15911
12660
17923
39991
27889
6382
2860
28501
2262
36023
11998
37101
30585
762
38402
7927
13788
10855
33068
12027
23182
3321
18404
19099
15685
31963
2888
24861
8267
31866
18143
39431
32263
9837
17653
24000
15484
34906
39130
12475
22111
28653
24768
7484
22872
17019
35787
17078
17571
7105
39693
935
4668
19988
20362
12835
12420
15568
4884
21053
17622
18859
18593
5947
2043
3079
2496
38682
27250
3581
4712
12580
33482
23922
19731
37175
7842
4162
28350
32593
5640
32209
2395
13031
8470
17522
665
8158
27296
39127
1954
7096
37551
1745
34253
11985
95
17961
9716
38728
18106
2502
22459
16082
6913
36149
4556
15125
17564
25668
38931
4950
31488
18824
8116
5544
39263
32294
17363
34389
8110
9545
12073
5819
18895
628
36319
9149
11277
8068
13774
3984
15777
2855
5764
15549
38544
32916
5562
8706
31868
28598
6791
13533
39038
37429
17637
26025
28998
6536
20932
24505
35505
14708
495
7869
30362
438
18749
16195
20319
17291
17224
1449
19533
25834
5958
37262
35397
4703
2161
26791
18396
15820
6095
32584
4904
26993
2696
31317
10311
30318
241
17677
33598
11858
9853
31087
18405
27649
10452
14841
36480
10198
9763
18530
7540
37717
2312
22577
16566
19335
32453
18517
15834
10346
10460
8632
14916
8340
2327
8723
11646
11032
11258
28303
11011
13277
12939
24533
3586
16348
15096
13759
21765
4782
14234
31518
6194
2914
23807
33013
21798
16306
13702
37699
39657
18811
11226
35423
1393
28602
19969
8215
7986
4243
37579
27747
18858
8808
39213
10973
2544
5622
19063
9676
11893
25077
17576
35134
7397
5516
5328
9864
36279
7115
25811
2341
494
16052
12000
5991
17029
36839
6293
18931
30037
20877
26826
12258
3377
5484
6096
21566
38064
6211
7746
24699
17925
9572
3594
17452
12484
20195
21300
11158
31474
17643
13697
6033
21378
13141
1312
30381
13373
11165
455
22291
19286
5651
30574
6067
27435
19141
24247
29501
39587
5037
36150
7836
33087
30774
19031
14595
14571
19083
4006
4431
12268
5378
7342
8635
13566
4403
4231
6933
37135
8316
19894
26974
23924
20258
39721
16951
28242
15488
9255
10932
34007
20372
14601
5680
34219
18960
15544
16405
36381
22116
32249
11140
11583
15993
6277
3264
10896
16243
11183
34411
5530
7684
19582
24904
22733
31713
11764
16823
31895
15273
3765
3699
24707
12137
1858
1421
3515
35827
4466
11506
73
28708
11340
26384
4450
16623
8201
37053
5529
3228
14213
2335
24182
6542
8775
4091
24615
31489
19235
2096
37001
21404
18609
11975
14543
31462
6954
17071
12655
39022
24072
11751
33003
16063
31359
350
29684
23356
21518
17882
35233
39084
15782
2047
20047
28879
15460
33660
15421
26798
7893
5334
39854
34226
11768
3306
20503
859
20301
3320
35729
25879
637
37619
20130
26025
13966
10070
30322
35149
8702
23688
36696
15713
35526
22016
15051
8250
38700
17372
14542
16592
22965
22171
20628
16100
8481
3664
5504
16811
5056
3792
34184
28576
15236
15153
38011
32294
12396
7323
23163
25302
11219
6830
3488
38961
29051
29541
13736
30836
20040
19477
14544
10983
32841
36588
16588
129
8035
3892
18970
26630
24578
4108
7186
16195
5732
31898
1877
12028
28981
35337
11963
2350
10651
7618
28881
27007
9016
8213
7589
22378
7942
1481
22153
18636
32383
792
29404
20347
37107
33063
18127
36021
34004
17968
7253
17624
33296
39798
13846
18698
22947
4480
34912
12854
7127
3359
5609
16638
19587
3724
37792
16035
17612
12094
20060
39220
16425
11628
3555
39571
4008
16178
267
6112
7078
15316
28040
37671
2767
11593
9823
13033
9099
19430
25916
38378
13341
5286
1728
14297
30881
24958
37
17543
22260
5123
10179
3264
37864
26691
39879
12919
29919
35291
16196
31950
8103
9050
26850
14085
37393
2759
19791
25809
35945
9356
9601
4993
33591
2192
5292
11792
13472
25529
12808
6882
35802
9494
18455
23163
5733
34946
34149
34055
35625
38996
14782
15924
21286
16066
24731
2601
32352
15152
3797
30637
26969
106
2933
16746
1040
24517
24200
1223
37644
9609
12347
35106
23922
7370
25705
7865
18038
37089
6439
12613
31494
26124
8199
9792
11933
10786
5885
7508
6195
2779
35700
263
28967
26132
27382
12264
14960
22058
1600
5439
32105
33166
15060
39522
2038
22762
698
31359
5341
25591
2504
15678
6276
25631
34996
17617
8932
24674
18699
6472
3898
27602
33729
18110
12104
32379
17416
15191
26380
27719
8084
7999
8163
26798
9791
35240
3160
24730
6425
15958
10789
33182
12041
13422
38404
35847
3525
168
19516
31489
7906
15775
14527
25855
5740
4065
30813
2079
13058
1341
32354
14642
38675
30270
33421
6172
8313
6807
38441
20180
14226
33744
18922
33547
28146
20857
24279
3374
10261
36137
25056
14156
23115
4525
2847
26985
37313
31424
30866
6031
28004
15691
33181
35403
2094
1879
39800
3560
17578
11778
2752
31252
904
33269
36256
38403
26451
22638
24466
31639
6062
11740
29901
12977
11179
23646
1935
35002
14420
21512
34868
20486
1828
23946
1712
16120
7000
14608
8889
868
21376
7646
6360
20573
8759
17696
31752
3313
25556
15460
8621
26701
4675
39522
3829
27837
9310
31405
34063
12884
32753
28303
33344
4249
2716
17250
38401
2544
23654
7381
39391
16016
16595
35794
22147
2346
3507
39356
5533
37380
26313
34797
17891
38251
13362
18046
18422
10856
16735
10435
23917
12389
18393
17555
925
36334
2138
23899
16779
128
4324
24280
25016
23222
28391
34508
7082
1686
39273
34816
10660
1858
16387
26906
27335
15919
30389
19646
19166
11493
33120
6603
25088
14573
2999
33132
11918
33959
15428
15455
13392
39601
19152
6396
27425
18109
2054
156
30882
12288
23993
6710
39308
19218
17012
11486
715
11683
8360
38703
29789
28475
7875
30362
14687
21386
13916
34193
27759
12890
3274
11648
19309
35537
29852
1789
29754
39135
15389
27728
4113
8219
21231
12976
38930
3208
4424
38705
1041
3596
6139
19155
24904
13950
37038
18424
26242
26857
7808
14809
14161
22344
4465
35242
13361
2783
26951
7534
19818
16007
12516
18398
28560
13426
16207
24874
10249
6328
16776
39531
11423
38913
711
14405
21445
25204
25271
12683
13250
4175
38589
11778
3526
32001
3773
13932
18047
13526
29661
9806
86
38306
5132
36665
25094
2930
36677
17655
11122
12704
3013
11130
2200
26095
5136
14593
26858
7656
9811
33625
6715
15848
23998
15916
39596
18628
8120
4987
5700
7127
18263
32009
32221
26629
10491
18464
15779
24544
2657
1290
3881
19549
21840
30986
16517
3096
10095
5702
3466
175
36885
9263
6541
20114
1905
29342
7629
23672
35498
22747
31858
28727
11684
3103
24490
27039
10496
27999
16733
36006
13481
5928
38678
29194
37779
29219
26269
23216
21819
31773
34334
6423
16187
12617
6274
6228
12539
33086
37514
18279
23651
39684
10403
19537
8084
13325
33605
15681
26762
29004
8559
1714
17958
7830
29183
28275
31330
25068
11919
27493
11673
5401
23021
2975
27903
22330
14325
626
37704
22546
22838
19523
13238
30006
35682
2902
11303
32114
22332
16775
24387
366
8001
26571
33608
4339
2939
11508
18086
3967
20190
6171
32841
31615
15396
37207
2974
30866
15828
1409
22322
1497
7319
45
34605
21380
9761
32350
24068
10298
19728
39548
4246
11137
1327
21326
2572
37744
33277
7686
8232
38255
16208
23127
4852
13976
7367
34014
24489
13533
13172
32948
31205
19779
9432
18437
39673
31400
12197
28642
16558
21237
25536
35269
37109
27559
6625
10962
25044
15602
15305
26772
15128
24652
29495
19823
1475
27403
25335
14180
10699
38640
4824
23855
4327
8671
16150
19543
17970
12571
9705
15738
36995
4398
35358
36541
15090
17288
22394
14478
26112
31879
10460
6709
15526
15941
33687
39255
7170
2504
24310
19863
35999
12765
20551
11266
7164
8938
38205
32553
38213
14338
22679
12241
29525
62
0
4919
32739
15406
10021
8604
11040
23420
4227
7698
21052
26514
38927
8733
19454
8525
33371
9796
19293
7881
2697
25327
29549
22769
2956
22446
14296
5838
6332
3895
17130
16969
19855
24489
10641
33159
26278
29086
16138
21549
6129
17055
31785
2270
21462
7561
36475
24495
5217
32636
5881
17436
37697
31327
26699
35306
21901
34892
20271
17532
8570
14041
15681
7465
28065
4887
30073
30936
9288
6213
14770
39086
3549
9458
17549
27205
12369
15862
1393
5348
26332
35210
39505
33955
13015
22148
7304
32718
7322
128
27808
1497
36415
26299
4949
2218
29324
28328
16158
11846
12547
11923
10693
17092
33236
35078
7753
6020
5605
10234
19965
38013
3580
35652
5626
10367
12746
10675
6735
8316
28147
17706
26054
3127
37741
15752
31259
20409
7144
4394
11477
20713
14735
33984
27260
14524
17449
38776
31728
14109
32927
2384
20809
28722
7095
36720
17334
17536
12433
7889
12075
16955
25650
18669
29452
33662
2731
10070
34471
12081
8160
18127
16979
13234
8517
7469
8477
34916
12738
3880
23561
32464
18619
24319
23468
9867
39528
10519
29490
15721
2231
17162
10430
11606
3270
13187
27190
13608
7924
32854
5305
26746
34595
2385
3785
14994
32255
10651
23108
31307
8915
15704
11553
28875
15294
33429
14666
22181
12128
25523
10053
26827
38417
8148
10182
39431
3892
17532
15920
34403
2730
25880
12592
33255
867
30361
36731
33188
23761
28281
16920
15019
22415
780
29694
897
36409
18363
10175
4658
9196
21321
9155
13535
9337
6594
14256
3059
27273
10100
15741
38885
5301
816
11830
26148
22004
23362
22734
3104
5018
20253
14472
10285
35355
8304
27071
13090
6889
14549
4597
36779
24667
31908
6204
14675
2288
28793
12949
28720
35255
2666
13367
28998
10279
19502
37353
15979
18944
26923
32296
15226
26156
24072
33756
33951
755
286
11564
9390
6854
28709
19592
651
446
15336
32126
21049
5205
6444
35082
34339
25276
12283
9785
26829
2300
3574
38671
21099
17536
10056
6865
1633
95
36404
801
10906
16835
2202
10775
9089
5869
13438
7188
21780
39071
37538
31593
18469
33930
38938
1288
20234
20799
19670
36959
20366
17706
7846
34515
2194
35422
12773
2849
853
27011
21316
6589
20426
23324
13796
7468
6718
1523
22431
470
23846
39827
5184
8433
24637
37889
12840
27236
2015
5244
24688
6925
5495
922
7524
16049
39719
30612
19076
883
11345
24739
1342
4689
4381
8092
9946
38299
34783
38589
35622
12604
14187
5797
945
15449
11880
343
1873
37272
7877
10685
22512
9270
10554
14458
27738
7507
8276
7086
11768
5940
9976
10752
6526
2984
15652
9213
12186
27347
19811
1820
24575
2361
2729
20807
7553
24942
25230
15764
7824
36340
15457
22312
1788
19416
31016
13082
8679
12882
35271
8488
31748
21858
16105
25778
14519
5976
5892
37704
3198
10090
3813
37569
38291
29232
15476
34930
7845
7153
36015
13332
30704
5557
19026
26358
1770
4188
24584
39473
15337
30857
5737
6673
15357
30620
16017
13051
5796
24317
6155
4348
6626
23310
17377
7454
24907
8378
13375
21823
17681
4098
2110
23660
29980
19819
18313
7401
22074
860
18572
39116
13962
35856
30958
10861
2629
6033
13925
2263
39977
14810
22490
24794
23731
985
19994
22388
20569
38579
15953
24943
16558
1366
13185
30946
15640
10582
2639
18943
35259
26276
7744
11627
31519
29156
25515
32081
16858
3827
15914
12525
5321
17755
16549
10843
2486
6370
15415
24363
28378
21964
38966
